----------(A.1)-----------
A =
      2.93       1.37       3.63 
      2.96       3.22       3.13 
      2.19       2.33        5.2 
      3.15       5.69       1.66 
      7.74      0.987       2.18 
Q = 
     0.305   -0.00673      0.427 
     0.308       0.33      0.136 
     0.228      0.234      0.739 
     0.329      0.765      -0.44 
     0.807     -0.501     -0.243 
R = 
      9.58       4.61       5.57 
         0       5.46        2.4 
         0          0       4.56 
Q^T*Q = 
         1  -5.55e-17  -1.94e-16 
 -5.55e-17          1   6.94e-17 
 -1.94e-16   6.94e-17          1 
A-QR = 
  4.44e-16          0          0 
         0          0          0 
         0          0   8.88e-16 
         0          0  -2.22e-16 
         0          0   4.44e-16 
----------(A.2)-----------
A = 
      9.28       3.99       8.07       9.18       1.16 
      7.12       9.31       5.44       3.36       7.14 
      8.89       2.17       6.22       8.07       1.87 
      8.14      0.791        1.9       1.41       7.81 
      7.47       3.82       7.58       9.28       8.52 
b =      0.195      0.851       9.54       6.47       7.01 
x =       1.76       3.31      -13.8       8.91      0.399 
