-1 0.328479119767082
-0.95 0.337395683229828
-0.9 0.313878351702449
-0.85 0.254194702150606
-0.8 0.157974946730205
-0.75 0.028810850505441
-0.7 -0.125628474053585
-0.65 -0.294037238398834
-0.6 -0.462447402386323
-0.55 -0.615617595653197
-0.5 -0.738642968458766
-0.45 -0.81855778902741
-0.4 -0.845714597822486
-0.35 -0.814776572334036
-0.3 -0.72523692543677
-0.25 -0.581458775347163
-0.2 -0.392290861123123
-0.15 -0.170346745871851
-0.0999999999999997 0.0689626775200415
-0.0499999999999997 0.308571080642671
3.19189119579733E-16 0.531021275022457
0.0500000000000003 0.719808375909042
0.1 0.860743326823899
0.15 0.943244983907586
0.2 0.961429139007747
0.25 0.91483636746056
0.3 0.808646139498686
0.35 0.653272639509658
0.4 0.463325315710314
0.45 0.256027596916124
0.5 0.0492941044825249
0.55 -0.140258169355958
0.6 -0.299067236864992
0.65 -0.417893509507934
0.700000000000001 -0.492430326631451
0.750000000000001 -0.523213246847376
0.800000000000001 -0.514908196412396
0.850000000000001 -0.475157277414672
0.900000000000001 -0.413214824471548
0.950000000000001 -0.338608758110123
