----------(B)-----------
A = 
      7.26       2.76       9.13       5.84        8.8 
      4.15       5.44      0.543       2.94       4.52 
      2.58       5.98       7.79       3.72       8.46 
      3.06       1.49       1.03       4.12       7.94 
      8.71       3.51       1.87      0.452       1.63 
A = 
      7.26       2.76       9.13       5.84        8.8 
      4.15       5.44      0.543       2.94       4.52 
      2.58       5.98       7.79       3.72       8.46 
      3.06       1.49       1.03       4.12       7.94 
      8.71       3.51       1.87      0.452       1.63 
A^(-1) = 
    0.0228    -0.0338    -0.0567     0.0301      0.118 
   -0.0536      0.179     0.0705     -0.113    -0.0217 
    0.0697    -0.0778     0.0669     -0.103    -0.0046 
     0.324      0.432     -0.307     -0.214      -0.31 
    -0.176     -0.234      0.159       0.26       0.12 
A^(-1)*A = 
         1     -5e-16  -5.27e-16  -3.96e-16  -6.66e-16 
  1.69e-15          1   1.24e-15   1.03e-15   1.87e-15 
 -2.91e-16  -2.15e-16          1  -1.14e-16  -2.38e-16 
  8.88e-15   6.66e-15   6.99e-15          1   1.01e-14 
 -5.33e-15  -3.61e-15  -3.94e-15  -3.46e-15          1 
