0.0000000000 0.000000000000000 1.000000000000000
0.0584959979 0.060514027094001 0.998169026262433
0.1157650342 0.118799387468193 0.992921439570848
0.1722803125 0.175468225719707 0.984489649808302
0.2283295290 0.230826711603882 0.973000795694267
0.2840894016 0.285000071034532 0.958534791245922
0.3396691847 0.338004792985734 0.941153102951521
0.3951366991 0.389791810972975 0.920913206044868
0.4505341523 0.440272951892708 0.897875761607314
0.5058878542 0.489337410484665 0.872108025821909
0.5612142208 0.536862145312365 0.843685305112105
0.6165235017 0.582718518471042 0.812691409985186
0.6718220985 0.626776593981969 0.779218608917706
0.7271140108 0.668907968695239 0.743367342890454
0.7824017375 0.708987679370456 0.705245832493109
0.8376868404 0.746895525335869 0.664969641387681
0.8929702954 0.782517018736933 0.622661224639137
0.9482527124 0.815744094634359 0.578449472837738
1.0035344726 0.846475663226307 0.532469254725362
1.0588158142 0.874618055159614 0.484860957647247
1.1140968862 0.900085391319990 0.435770024127933
1.1693777815 0.922799896288210 0.385346482922586
1.2246585584 0.942692167071965 0.333744473364479
1.2799392532 0.959701404042479 0.281121762399032
1.3352198886 0.973775608134541 0.227639254225851
1.3905004789 0.984871746626377 0.173460492913174
1.4457810328 0.992955888774960 0.118751158696643
1.5010615560 0.998003311976404 0.063678558936302
1.5563420519 0.999998578783951 0.008411114897610
1.6116225227 0.998935584944608 -0.046882154340682
1.6669029697 0.994817578545860 -0.102032149453570
1.7221833938 0.987657150356393 -0.156870208449543
1.7774637955 0.977476195475169 -0.211228622760348
1.8327441751 0.964305846456288 -0.264941150315428
1.8880245329 0.948186378143670 -0.317843524066717
1.9433048690 0.929167084523794 -0.369773954431343
1.9985851834 0.907306127983111 -0.420573624130419
2.0538654762 0.882670361436873 -0.470087173920175
2.1091457475 0.855335123876617 -0.518163177736113
2.1644259972 0.825384009963427 -0.564654605801081
2.2197062254 0.792908614372631 -0.609419274283504
2.2749864321 0.758008251672380 -0.652320280132260
2.3302666172 0.720789652593095 -0.693226419759432
2.3855467808 0.681366637616847 -0.732012590291170
2.4408269230 0.639859768885016 -0.768560172160013
2.4961070436 0.596395981488835 -0.802757391868887
2.5513871427 0.551108195270474 -0.834499663817584
2.6066672203 0.504134908321885 -0.863689910146467
2.6619472763 0.455619773424625 -0.890238857619362
2.7172273109 0.405711158726013 -0.914065310637786
2.7725073240 0.354561693995207 -0.935096399551642
2.8277873155 0.302327803846856 -0.953267803507067
2.8830672856 0.249169229359868 -0.968523947149958
2.9383472341 0.195248539554297 -0.980818170583686
2.9936271611 0.140730634220363 -0.990112872061290
3.0489070666 0.085782239620096 -0.996379622975805
3.1041869507 0.030571398603836 -0.999599254797138
3.1594668132 -0.024733043299049 -0.999761917689664
3.2147466541 -0.079961954243603 -0.996867110631335
3.2700264736 -0.134946433307728 -0.990923682942253
3.3253062716 -0.189518327023807 -0.981949807218079
3.3805860481 -0.243510743623881 -0.969972923751121
3.4358658030 -0.296758563425693 -0.955029656609111
3.4911455365 -0.349098943798773 -0.937165701628394
3.5464252484 -0.400371817166288 -0.916435686664100
3.6017049389 -0.450420380519697 -0.892903004524749
3.6569846078 -0.499091574949186 -0.866639619102246
3.7122642552 -0.546236553723438 -0.837725845290221
3.7675438811 -0.591711137487273 -0.806250103363801
3.8228234855 -0.635376255185112 -0.772308648572013
3.8781030684 -0.677098369361885 -0.736005276769836
3.9333826298 -0.716749884540764 -0.697451006990145
3.9886621697 -0.754209537428859 -0.656763741926369
4.0439416880 -0.789362767757626 -0.614067907364188
4.0992211849 -0.822102068623900 -0.569494071664988
4.1545006603 -0.852327315260230 -0.523178546464796
4.2097801141 -0.879946071229096 -0.475262969809863
4.2650595464 -0.904873871104691 -0.425893873003738
4.3203389573 -0.927034478777804 -0.375222232490554
4.3756183466 -0.946360120593944 -0.323403008144917
4.4308977144 -0.962791692611757 -0.270594669380434
4.4861770607 -0.976278941347978 -0.216958710526124
4.5414563855 -0.986780617456225 -0.162659156952767
4.5967356888 -0.994264601869705 -0.107862063459563
4.6520149706 -0.998708004022136 -0.052735006455102
4.7072942309 -1.000097231846560 0.002553428514355
4.7625734697 -0.998428033338054 0.057834162322068
4.8178526869 -0.993705509553234 0.112938139326847
4.8731318827 -0.985944099006946 0.167696844366650
4.9284110570 -0.975167533513833 0.221942818098726
4.9836902097 -0.961408765609915 0.275510169110326
5.0389693409 -0.944709867776182 0.328235081233907
5.0942484507 -0.925121903772449 0.379956314515390
5.1495275389 -0.902704772474988 0.430515698303479
5.2048066056 -0.877527024695569 0.479758614952130
5.2600856508 -0.849665653542136 0.527534472656971
5.3153646746 -0.819205858962280 0.573697165979711
5.3706436768 -0.786240787189605 0.618105522652235
5.4259226575 -0.750871245889836 0.660623735294023
5.4812016166 -0.713205395877830 0.701121776722708
5.5364805543 -0.673358420348293 0.739475797587727
5.5917594705 -0.631452172631773 0.775568505111108
5.6470383652 -0.587614803553164 0.809289521777201
5.7023172383 -0.541980369532341 0.840535722874482
5.7575960900 -0.494688422625404 0.869211551857252
5.8128749201 -0.445883583760288 0.895229312562857
5.8681537288 -0.395715100471824 0.918509437390849
5.9234325159 -0.344336390488780 0.938980730624038
5.9787112816 -0.291904572568652 0.956580586147366
6.0339900257 -0.238579986014971 0.971255178898867
6.0892687483 -0.184525700346505 0.982959629467290
6.1445474494 -0.129907016617837 0.991658141333079
6.1998261291 -0.074890961916335 0.997324110333080
6.2551047872 -0.019645778581388 0.999940206014275
6.2913050819 0.008440807891472 1.000097635465010
