      10   0.05840735   0.16105348 
      20  -0.94159265   0.14163896 
      30   0.05840735   0.09298427 
      40  -0.24159265   0.08989085 
      50  -0.10159265   0.07690198 
      60   0.19174068   0.06125877 
      70   0.28697877   0.05325234 
      80  -0.14159265   0.06164044 
      90   0.01396290   0.05477121 
     100   0.09840735   0.04994930 
     110   0.16749826   0.04589006 
     120   0.02507401   0.04720305 
     130   0.05840735   0.04466820 
     140   0.08697877   0.04245601 
     150   0.19174068   0.03874345 
     160  -0.04159265   0.04203318 
     170   0.17605441   0.03673206 
     180   0.12507401   0.03672121 
     190  -0.06790844   0.03896570 
     200  -0.00159265   0.03698701 
     210  -0.18921170   0.03863033 
     220  -0.10522902   0.03670898 
     230  -0.02854918   0.03487626 
     240   0.04174068   0.03312897 
     250  -0.02159265   0.03335790 
     260   0.10456119   0.03088086 
     270  -0.13418525   0.03346955 
     280  -0.15587837   0.03310361 
     290  -0.07952369   0.03167700 
     300  -0.07492599   0.03109146 
     310  -0.19965717   0.03189642 
     320  -0.09159265   0.03028913 
     330   0.07052856   0.02787525 
     340  -0.23571030   0.03078093 
     350   0.09269306   0.02677557 
     360   0.05840735   0.02684225 
     370  -0.06051157   0.02784450 
     380  -0.08896107   0.02776866 
     390   0.01738171   0.02627214 
     400   0.04840735   0.02558338 
     410  -0.06842192   0.02653087 
     420   0.13459782   0.02391785 
     430  -0.08112754   0.02602951 
     440   0.07658916   0.02407033 
     450  -0.03048154   0.02495315 
     460   0.07579865   0.02355025 
     470  -0.04372031   0.02454522 
     480   0.02507401   0.02360152 
     490   0.01759102   0.02343636 
     500   0.01840735   0.02319254 
     510   0.03487793   0.02279696 
     520   0.01225350   0.02280307 
     530   0.00557716   0.02265184 
     540   0.02877772   0.02221521 
     550   0.02204371   0.02207800 
     560  -0.00587837   0.02214384 
     570  -0.06790844   0.02249686 
     580   0.03771769   0.02134971 
     590  -0.05684689   0.02201936 
     600  -0.08159265   0.02203937 
     610   0.02562046   0.02093104 
     620   0.03260089   0.02069713 
     630   0.04570893   0.02041062 
     640  -0.04159265   0.02101659 
     650  -0.06466958   0.02104121 
     660   0.04628613   0.01993607 
     670  -0.10278668   0.02101695 
     680   0.05252499   0.01958425 
     690   0.03521894   0.01959616 
     700  -0.06730694   0.02029606 
     710   0.01897073   0.01945795 
     720   0.10285179   0.01857322 
     730   0.10224296   0.01845127 
     740  -0.07132238   0.01976974 
     750   0.01040735   0.01900249 
     760   0.03209156   0.01869813 
     770  -0.01431993   0.01895077 
     780   0.04302273   0.01836592 
     790  -0.02260531   0.01877303 
     800  -0.07659265   0.01905137 
     810   0.01396290   0.01825707 
     820   0.02426100   0.01806383 
     830  -0.02352036   0.01832191 
     840  -0.05111646   0.01841324 
     850  -0.02159265   0.01809086 
     860  -0.15089498   0.01885809 
     870   0.06300505   0.01722942 
     880   0.02204371   0.01745419 
     890  -0.01350277   0.01762100 
     900  -0.03937043   0.01770719 
     910   0.04082493   0.01702056 
     920  -0.01985352   0.01737666 
     930  -0.14374319   0.01809173 
     940   0.13925841   0.01594736 
     950  -0.06369792   0.01739825 
     960   0.03340735   0.01662698 
     970  -0.02819059   0.01698029 
     980   0.00942775   0.01663073 
     990  -0.00219871   0.01662867 
    1000   0.07040735   0.01601404 
    1010  -0.01287978   0.01653686 
    1020   0.04664264   0.01603394 
    1030   0.01957239   0.01615077 
    1040   0.02763812   0.01601587 
    1050   0.00126449   0.01612295 
    1060   0.02821867   0.01585997 
    1070  -0.00514406   0.01601480 
    1080   0.00285179   0.01588672 
    1090   0.09143487   0.01518209 
    1100   0.02931644   0.01556133 
    1110   0.02597491   0.01551408 
    1120   0.04412163   0.01531909 
    1130   0.03362859   0.01532381 
    1140  -0.02229441   0.01562574 
    1150  -0.03898396   0.01566230 
    1160  -0.02090300   0.01548166 
    1170  -0.02364394   0.01543258 
    1180   0.06179718   0.01480256 
    1190  -0.03907165   0.01539736 
    1200  -0.02492599   0.01524639 
    1210   0.00220900   0.01501316 
    1220  -0.02355987   0.01511252 
    1230  -0.04890973   0.01520354 
    1240  -0.08997975   0.01537789 
    1250   0.05520735   0.01442662 
    1260  -0.02095773   0.01485494 
    1270   0.00171443   0.01465731 
    1280  -0.01659265   0.01471208 
    1290   0.01809727   0.01444100 
    1300  -0.05543881   0.01482599 
    1310   0.02787300   0.01426876 
    1320   0.01901341   0.01427024 
    1330  -0.00775807   0.01438013 
    1340  -0.05204041   0.01458388 
    1350  -0.05714821   0.01455841 
    1360   0.00840735   0.01412360 
    1370   0.07008618   0.01368382 
    1380  -0.09231729   0.01458936 
    1390   0.02675267   0.01385896 
    1400   0.04126449   0.01371967 
    1410  -0.06074159   0.01426490 
    1420   0.00770312   0.01382617 
    1430  -0.03110314   0.01400142 
    1440   0.00840735   0.01372567 
    1450  -0.06297196   0.01407873 
    1460   0.03922926   0.01344722 
    1470   0.02575429   0.01348253 
    1480  -0.02537644   0.01373112 
    1490   0.00203151   0.01353021 
    1500   0.04774068   0.01321526 
    1510   0.00012920   0.01345115 
    1520   0.06630208   0.01301457 
    1530  -0.05923971   0.01368622 
    1540  -0.03509915   0.01351369 
    1550  -0.00868943   0.01332575 
    1560  -0.02107983   0.01335105 
    1570  -0.07407673   0.01358671 
    1580  -0.05551670   0.01344869 
    1590   0.04834445   0.01283223 
    1600   0.03590735   0.01286474 
    1610  -0.03351812   0.01320831 
    1620   0.01149377   0.01292350 
    1630  -0.06429204   0.01328530 
    1640   0.00718783   0.01286827 
    1650  -0.00219871   0.01288052 
    1660   0.03913024   0.01261172 
    1670  -0.03740104   0.01298894 
    1680   0.03221687   0.01257552 
    1690  -0.02206603   0.01283244 
    1700   0.02076029   0.01256497 
    1710   0.06308571   0.01228898 
    1720  -0.02066242   0.01271275 
    1730  -0.04795104   0.01281481 
    1740  -0.03124783   0.01269377 
    1750  -0.04673551   0.01273532 
    1760   0.04249826   0.01222946 
    1770   0.01320961   0.01235460 
    1780   0.05391296   0.01209683 
    1790  -0.00639712   0.01238839 
    1800  -0.01714821   0.01240915 
    1810  -0.02999044   0.01243961 
    1820   0.04082493   0.01203535 
    1830  -0.07492599   0.01258857 
    1840  -0.07202744   0.01254072 
    1850  -0.01294400   0.01221910 
    1860   0.02184821   0.01200665 
    1870   0.05199023   0.01181268 
    1880   0.01372650   0.01198503 
    1890   0.01607930   0.01194107 
    1900  -0.05948739   0.01228269 
    1910  -0.01279684   0.01202492 
    1920   0.05632401   0.01163437 
    1930   0.01073895   0.01184406 
    1940  -0.06942771   0.01220132 
    1950  -0.03390035   0.01200353 
    1960   0.00534612   0.01178030 
    1970   0.00967638   0.01172856 
    1980   0.03820533   0.01155255 
    1990   0.05840735   0.01141678 
    2000  -0.00559265   0.01171602 
    2010  -0.00527425   0.01168528 
    2020   0.00692220   0.01159620 
    2030   0.00914626   0.01155657 
    2040  -0.00825932   0.01161353 
    2050   0.02523661   0.01141964 
    2060  -0.00567032   0.01154451 
    2070   0.01009817   0.01143968 
    2080   0.00263812   0.01144864 
    2090  -0.00092280   0.01143848 
    2100   0.02221687   0.01129791 
    2110   0.05840735   0.01108738 
    2120   0.07727527   0.01096216 
    2130  -0.03548937   0.01149243 
    2140  -0.01635901   0.01137707 
    2150   0.03050037   0.01112486 
    2160  -0.01381488   0.01131240 
    2170  -0.00426546   0.01124147 
    2180   0.00519634   0.01117079 
    2190  -0.04022279   0.01135521 
    2200   0.00568007   0.01111760 
    2210   0.00229875   0.01110842 
    2220  -0.01546653   0.01116609 
    2230  -0.01872270   0.01115595 
    2240  -0.00230694   0.01105531 
    2250  -0.06603710   0.01131517 
    2260  -0.04778734   0.01121123 
    2270  -0.00150455   0.01097830 
    2280  -0.02931195   0.01108051 
    2290  -0.02019527   0.01101547 
    2300  -0.02159265   0.01099778 
    2310   0.04974934   0.01063930 
    2320  -0.00538576   0.01087711 
    2330   0.04295670   0.01062662 
    2340   0.02421931   0.01069342 
    2350  -0.00627350   0.01081148 
    2360   0.05162769   0.01051686 
    2370  -0.03610742   0.01089769 
    2380  -0.00545820   0.01073945 
    2390  -0.01523282   0.01076061 
    2400   0.01507401   0.01060128 
    2410  -0.01462170   0.01071317 
    2420   0.01873792   0.01054054 
    2430   0.00902463   0.01056322 
    2440   0.03053849   0.01044267 
    2450   0.03555020   0.01039795 
    2460   0.03076507   0.01039908 
    2470   0.01306322   0.01045910 
    2480  -0.05610878   0.01073697 
    2490   0.00057602   0.01047288 
    2500  -0.00399265   0.01047209 
    2510  -0.02605480   0.01054677 
    2520   0.00126449   0.01040732 
    2530  -0.04752151   0.01059503 
    2540   0.00171443   0.01036428 
    2550  -0.02002403   0.01043807 
    2560   0.03653235   0.01016760 
    2570   0.01794042   0.01023188 
    2580  -0.01601126   0.01036013 
    2590  -0.03888995   0.01043611 
    2600   0.02609965   0.01013624 
    2610   0.06760275   0.00992573 
    2620   0.00497223   0.01019068 
    2630  -0.01611737   0.01026163 
    2640  -0.01886538   0.01025374 
    2650   0.01312433   0.01009737 
    2660  -0.00023927   0.01013619 
    2670   0.01496165   0.01005147 
    2680  -0.01024937   0.01014080 
    2690  -0.00850715   0.01011459 
    2700  -0.04677784   0.01025308 
    2710   0.00231879   0.01003136 
    2720  -0.02394559   0.01012279 
    2730   0.04375533   0.00981371 
    2740   0.05694749   0.00973625 
    2750   0.06858916   0.00966523 
    2760  -0.01840425   0.01002646 
    2770   0.00642179   0.00990478 
    2780  -0.05382287   0.01013217 
    2790  -0.00610878   0.00992172 
    2800   0.01555020   0.00981285 
    2810  -0.02842539   0.00997744 
    2820   0.02152791   0.00975248 
    2830  -0.00802375   0.00985924 
    2840   0.06122425   0.00954412 
    2850   0.00647752   0.00976454 
    2860  -0.00173251   0.00978153 
    2870   0.04586379   0.00956213 
    2880   0.01118512   0.00969392 
    2890  -0.00526047   0.00974508 
    2900  -0.03400645   0.00984342 
    2910   0.04466164   0.00950141 
    2920   0.00498269   0.00965296 
    2930  -0.05080767   0.00985789 
    2940  -0.00009605   0.00964086 
    2950  -0.05277909   0.00983193 
    2960  -0.03618725   0.00975162 
    2970   0.00184169   0.00958417 
    2980  -0.02615641   0.00967979 
    2990   0.00890902   0.00952326 
    3000  -0.01625932   0.00960857 
    3010   0.04246050   0.00935164 
    3020  -0.01179133   0.00955904 
    3030  -0.01419991   0.00955277 
    3040  -0.02580318   0.00958242 
    3050   0.03480079   0.00932239 
    3060   0.00089101   0.00944598 
    3070   0.02062233   0.00935067 
    3080   0.01035540   0.00937725 
    3090   0.01827790   0.00932994 
    3100  -0.01127007   0.00943285 
    3110   0.06226587   0.00911595 
    3120  -0.02749009   0.00946523 
    3130   0.04307188   0.00916807 
    3140  -0.02439520   0.00942322 
    3150  -0.00762440   0.00934349 
    3160  -0.07197240   0.00956928 
    3170   0.01929063   0.00920738 
    3180  -0.01203291   0.00931639 
    3190   0.02455155   0.00915726 
    3200  -0.01409265   0.00929515 
    3210  -0.01760511   0.00929410 
    3220  -0.01612682   0.00927402 
    3230  -0.01094250   0.00923982 
    3240   0.05346907   0.00896806 
    3250   0.02763812   0.00905995 
    3260  -0.01275830   0.00920414 
    3270  -0.01621039   0.00920316 
    3280  -0.01598290   0.00918826 
    3290   0.02558060   0.00901292 
    3300  -0.00947144   0.00913570 
    3310  -0.06002166   0.00930776 
    3320  -0.00303844   0.00908364 
    3330   0.01516410   0.00899964 
    3340   0.02726962   0.00893851 
    3350  -0.01801056   0.00909934 
    3360  -0.07730694   0.00929858 
    3370  -0.01043538   0.00904395 
    3380  -0.00431455   0.00900749 
    3390   0.00648994   0.00895307 
    3400   0.01370146   0.00891217 
    3410   0.01031350   0.00891213 
    3420  -0.02580318   0.00903439 
    3430  -0.00573260   0.00894692 
    3440  -0.04275544   0.00906926 
    3450   0.00275517   0.00888903 
    3460  -0.00633254   0.00891029 
    3470   0.00192320   0.00886651 
    3480  -0.00251219   0.00887040 
    3490   0.02402339   0.00875688 
    3500   0.01726449   0.00877033 
    3510   0.02991732   0.00870910 
    3520  -0.02568356   0.00890471 
    3530   0.02101358   0.00871867 
    3540   0.00755989   0.00875732 
    3550   0.01559045   0.00871470 
    3560   0.01908150   0.00868921 
    3570   0.00798718   0.00871885 
    3580   0.01147997   0.00869358 
    3590   0.03500902   0.00859190 
    3600  -0.04159265   0.00886137 
    3610  -0.01804695   0.00876567 
    3620   0.05067254   0.00849532 
    3630   0.00000514   0.00867596 
    3640   0.01555020   0.00860644 
    3650  -0.01720909   0.00871451 
    3660  -0.01700249   0.00870185 
    3670  -0.00371799   0.00864212 
    3680   0.00405952   0.00860199 
    3690  -0.03156555   0.00871781 
    3700   0.04002897   0.00844405 
    3710  -0.03431503   0.00870385 
    3720  -0.01471093   0.00862325 
    3730   0.02516338   0.00846621 
    3740   0.02097419   0.00847050 
    3750  -0.01625932   0.00859417 
    3760   0.00202437   0.00851736 
    3770   0.00217392   0.00850552 
    3780  -0.02095773   0.00857650 
    3790   0.00035985   0.00848958 
    3800  -0.00264529   0.00848917 
    3810  -0.04552966   0.00862704 
    3820   0.00605133   0.00843571 
    3830   0.02289821   0.00836331 
    3840  -0.02180099   0.00851217 
    3850   0.00334241   0.00841250 
    3860  -0.00169628   0.00841956 
    3870  -0.00050738   0.00840445 
    3880   0.01304652   0.00834507 
    3890   0.05429424   0.00818144 
    3900   0.01430478   0.00831911 
    3910  -0.01524994   0.00841299 
    3920  -0.03853143   0.00848171 
    3930  -0.01080385   0.00837613 
    3940  -0.02484138   0.00841385 
    3950   0.03309089   0.00819808 
    3960   0.00184169   0.00830013 
    3970  -0.01816696   0.00835920 
    3980  -0.03103989   0.00839243 
    3990   0.03534970   0.00814861 
    4000   0.03640735   0.00813454 
    4010   0.03745972   0.00812053 
    4020  -0.00427922   0.00825929 
    4030  -0.05275891   0.00841189 
    4040  -0.00495899   0.00824117 
    4050   0.01001228   0.00817876 
    4060   0.02688025   0.00810868 
    4070   0.00926730   0.00816126 
    4080   0.03291715   0.00806704 
    4090   0.01733155   0.00811289 
    4100  -0.00305607   0.00817411 
    4110  -0.00971917   0.00818696 
    4120   0.03025201   0.00803736 
    4130   0.02644609   0.00804122 
    4140   0.01879382   0.00805860 
    4150   0.00346759   0.00810230 
    4160   0.00936888   0.00807214 
    4170  -0.00873894   0.00812453 
    4180  -0.04015725   0.00821898 
    4190   0.00208276   0.00806828 
    4200   0.03269306   0.00795176 
    4210   0.05365675   0.00786669 
    4220   0.00627464   0.00802520 
    4230  -0.05506783   0.00821794 
    4240   0.00086018   0.00802473 
    4250  -0.00465148   0.00803395 
    4260   0.02272660   0.00793059 
    4270   0.00501156   0.00798238 
    4280  -0.00701321   0.00801367 
    4290  -0.02830594   0.00807463 
    4300  -0.03740661   0.00809466 
    4310  -0.02047896   0.00803032 
    4320   0.02877772   0.00785426 
    4330   0.00852282   0.00791497 
    4340  -0.01901201   0.00799771 
    4350   0.01426942   0.00787719 
    4360   0.01070092   0.00788030 
    4370  -0.00200455   0.00791405 
    4380   0.01731146   0.00783978 
    4390  -0.01813024   0.00794916 
    4400   0.04022553   0.00774259 
    4410   0.04933705   0.00770163 
    4420   0.00863359   0.00783360 
    4430  -0.03098317   0.00795458 
    4440  -0.03708815   0.00796501 
    4450   0.02604780   0.00774807 
    4460  -0.00706351   0.00785046 
    4470   0.02082345   0.00774854 
    4480   0.01644306   0.00775473 
    4490   0.00495523   0.00778455 
    4500   0.01840735   0.00773085 
    4510   0.01672220   0.00772795 
    4520   0.01592947   0.00772206 
    4530   0.01690624   0.00771025 
    4540  -0.02793627   0.00784799 
    4550  -0.03477947   0.00786092 
    4560  -0.01878564   0.00780167 
    4570  -0.03787274   0.00785335 
    4580   0.01473922   0.00767529 
    4590  -0.00172337   0.00772115 
    4600  -0.04420135   0.00784728 
    4610   0.00027286   0.00769788 
    4620   0.02897012   0.00759432 
    4630  -0.01934643   0.00774425 
    4640  -0.02348921   0.00774899 
    4650   0.00249337   0.00765748 
    4660   0.02836443   0.00756370 
    4670   0.02928529   0.00755250 
    4680   0.03703983   0.00751824 
    4690  -0.02346899   0.00770751 
    4700   0.02862011   0.00753059 
    4710   0.00405490   0.00760349 
    4720   0.00671243   0.00758682 
    4730   0.02288938   0.00752573 
    4740   0.00439891   0.00757828 
    4750   0.00030208   0.00758350 
    4760   0.00042415   0.00757513 
    4770  -0.05983165   0.00775297 
    4780  -0.05121608   0.00771921 
    4790   0.00496267   0.00753681 
    4800   0.01757401   0.00748808 
    4810   0.03013292   0.00743897 
    4820  -0.02955946   0.00762162 
    4830   0.02196842   0.00745044 
    4840  -0.00605546   0.00753280 
    4850   0.03284034   0.00739926 
    4860  -0.01402064   0.00754224 
    4870  -0.02619224   0.00757209 
    4880   0.04037456   0.00735146 
    4890  -0.00048836   0.00747665 
    4900  -0.04444980   0.00760400 
    4910   0.00301020   0.00745034 
    4920   0.02344800   0.00737717 
    4930  -0.02678535   0.00752768 
    4940  -0.01041856   0.00746976 
    4950   0.04143765   0.00729577 
    4960  -0.02223781   0.00749104 
    4970  -0.03897696   0.00753399 
    4980   0.00218245   0.00740040 
    4990  -0.00732412   0.00742266 
    5000   0.01280735   0.00735201 
    5010  -0.01105373   0.00741935 
    5020   0.02414440   0.00730108 
    5030   0.01387454   0.00732666 
    5040   0.00523274   0.00734666 
    5050  -0.01525602   0.00740277 
    5060  -0.00562427   0.00736590 
    5070   0.04262825   0.00720500 
    5080   0.02533648   0.00725401 
    5090  -0.00053175   0.00732842 
    5100   0.03644656   0.00720394 
    5110  -0.02378443   0.00738492 
    5120   0.01856360   0.00724717 
    5130   0.01474263   0.00725217 
    5140   0.02260968   0.00722023 
    5150   0.00947531   0.00725457 
    5160   0.00491897   0.00726171 
    5170   0.00347504   0.00725915 
    5180  -0.03502895   0.00736813 
    5190   0.02449598   0.00717940 
    5200  -0.01543881   0.00729577 
    5210  -0.02297461   0.00731130 
    5220  -0.00519419   0.00725082 
    5230  -0.02954676   0.00731674 
    5240  -0.00876823   0.00724780 
    5250  -0.04673551   0.00735274 
    5260   0.01354043   0.00716573 
    5270  -0.00231372   0.00720761 
    5280   0.01295280   0.00715396 
    5290   0.02816160   0.00709967 
    5300   0.00482244   0.00716545 
    5310  -0.00712938   0.00719494 
    5320   0.03284344   0.00706485 
    5330   0.04189703   0.00702941 
    5340  -0.02998217   0.00724226 
    5350   0.02177183   0.00707972 
    5360  -0.02144340   0.00720377 
    5370  -0.01310103   0.00717243 
    5380   0.01379768   0.00708457 
    5390  -0.02767800   0.00720190 
    5400  -0.03270376   0.00720978 
    5410  -0.00369986   0.00711789 
    5420  -0.01317937   0.00713950 
    5430   0.02673147   0.00701200 
    5440   0.02605441   0.00700766 
    5450  -0.05388623   0.00723664 
    5460  -0.00606152   0.00709225 
    5470  -0.01983763   0.00712629 
    5480   0.00147304   0.00705684 
    5490   0.01542010   0.00700830 
    5500   0.01113462   0.00701493 
    5510  -0.00765436   0.00706470 
    5520  -0.03796947   0.00714596 
    5530  -0.00307547   0.00703839 
    5540   0.00425572   0.00701022 
    5550   0.04687581   0.00687302 
    5560  -0.03367898   0.00710805 
    5570   0.00095672   0.00700113 
    5580  -0.02474678   0.00706983 
    5590   0.01332685   0.00695164 
    5600   0.01197877   0.00694948 
    5610  -0.01859800   0.00703324 
    5620  -0.01917272   0.00702864 
    5630   0.01435761   0.00692381 
    5640  -0.02386216   0.00702960 
    5650   0.00106221   0.00695108 
    5660   0.00964410   0.00691952 
    5670   0.00055902   0.00694029 
    5680   0.00277354   0.00692766 
    5690   0.01833705   0.00687528 
    5700  -0.00966283   0.00695178 
    5710  -0.00113731   0.00692090 
    5720   0.02973602   0.00682282 
    5730  -0.02396613   0.00697447 
    5740  -0.00640102   0.00691809 
    5750  -0.03620135   0.00699666 
    5760  -0.00478710   0.00690140 
    5770   0.00364132   0.00687088 
    5780  -0.01633314   0.00692259 
    5790  -0.01827659   0.00692214 
    5800  -0.01331679   0.00690205 
    5810   0.03499943   0.00675383 
    5820   0.02060666   0.00679131 
    5830  -0.03970586   0.00695816 
    5840  -0.00529128   0.00685541 
    5850   0.00028769   0.00683346 
    5860   0.01881690   0.00677340 
    5870  -0.01655006   0.00686993 
    5880   0.00874748   0.00679145 
    5890   0.01358561   0.00677153 
    5900  -0.03718587   0.00690985 
    5910  -0.01062819   0.00682990 
    5920  -0.04361968   0.00691573 
    5930   0.01860971   0.00673391 
    5940  -0.02374754   0.00684946 
    5950   0.00462583   0.00676331 
    5960  -0.02682755   0.00684650 
    5970   0.01418624   0.00672426 
    5980   0.01693577   0.00671060 
    5990  -0.02640067   0.00682816 
    6000  -0.00359265   0.00675857 
    6010   0.00383164   0.00673175 
    6020  -0.02066242   0.00679525 
    6030  -0.04772864   0.00686339 
    6040   0.00873847   0.00670092 
    6050   0.00353131   0.00671031 
    6060   0.00824233   0.00669128 
    6070  -0.00090073   0.00671186 
    6080  -0.00475055   0.00671722 
    6090  -0.00333321   0.00670771 
    6100  -0.05634675   0.00684672 
    6110  -0.00247645   0.00669430 
    6120   0.02311323   0.00661547 
    6130  -0.04142952   0.00679038 
    6140  -0.01846562   0.00672247 
    6150   0.01743174   0.00661578 
    6160   0.01490085   0.00661769 
    6170  -0.00188439   0.00666001 
    6180  -0.01861531   0.00670109 
    6190   0.02738958   0.00656553 
    6200  -0.00481846   0.00665209 
    6210  -0.00664901   0.00665183 
    6220  -0.02262159   0.00669046 
    6230   0.00575887   0.00660638 
    6240   0.01802273   0.00656620 
    6250  -0.02415265   0.00667854 
    6260   0.00665016   0.00658802 
    6270   0.01247433   0.00656629 
    6280   0.01127359   0.00656446 
    6290   0.04123724   0.00647273 
    6300   0.03110576   0.00649720 
    6310  -0.01385890   0.00661873 
    6320  -0.01058000   0.00660451 
    6330   0.02238839   0.00650689 
    6340   0.02938526   0.00648164 
    6350  -0.02348242   0.00662394 
    6360  -0.00951718   0.00658080 
    6370   0.03894110   0.00643867 
    6380   0.01201236   0.00651073 
    6390  -0.00982427   0.00656617 
    6400  -0.00846765   0.00655733 
    6410   0.01410157   0.00648961 
    6420   0.00794006   0.00650181 
    6430   0.02481481   0.00644919 
    6440  -0.04159265   0.00662536 
    6450   0.00135308   0.00650493 
    6460  -0.03261433   0.00659154 
    6470   0.02935016   0.00641630 
    6480  -0.00146920   0.00649762 
    6490  -0.03404258   0.00658004 
    6500  -0.00251573   0.00649048 
    6510  -0.00057883   0.00648019 
    6520   0.03325397   0.00638050 
    6530  -0.00039817   0.00646976 
    6540  -0.02477308   0.00653043 
    6550   0.03886536   0.00634980 
    6560   0.00109027   0.00645088 
    6570  -0.03961396   0.00655436 
    6580  -0.00846195   0.00646701 
    6590  -0.01625123   0.00648299 
    6600  -0.00401690   0.00644519 
    6610   0.00697013   0.00641035 
    6620  -0.02135096   0.00648182 
    6630  -0.01821407   0.00646862 
    6640  -0.01327940   0.00645062 
    6650   0.00006148   0.00640988 
    6660   0.01095990   0.00637530 
    6670   0.00083613   0.00639816 
    6680  -0.02542499   0.00646334 
    6690  -0.01094990   0.00642027 
    6700  -0.02577176   0.00645460 
    6710   0.02800496   0.00630428 
    6720  -0.02135456   0.00643342 
    6730   0.00253810   0.00636497 
    6740   0.01330349   0.00633093 
    6750   0.01277772   0.00632768 
    6760   0.00574462   0.00634216 
    6770   0.00759494   0.00633245 
    6780   0.02890882   0.00626913 
    6790   0.00538820   0.00632910 
    6800  -0.00865148   0.00636204 
    6810  -0.03498472   0.00642600 
    6820  -0.03074221   0.00641040 
    6830  -0.02475517   0.00639024 
    6840   0.00577577   0.00630488 
    6850   0.00702049   0.00629692 
    6860   0.00184758   0.00630623 
    6870   0.02405509   0.00624134 
    6880  -0.01252289   0.00633513 
    6890  -0.02112821   0.00635297 
    6900  -0.01347671   0.00632844 
    6910  -0.00179526   0.00629307 
    6920   0.06996804   0.00608891 
    6930  -0.00970232   0.00630484 
    6940   0.00999236   0.00624797 
    6950   0.01466634   0.00623087 
    6960  -0.01343173   0.00630098 
    6970   0.03487793   0.00616660 
    6980  -0.02526028   0.00632250 
    6990   0.01262766   0.00621851 
    7000  -0.00102123   0.00625044 
    7010  -0.01919608   0.00629339 
    7020   0.03504552   0.00614414 
    7030  -0.03263106   0.00631871 
    7040  -0.02795629   0.00630237 
    7050  -0.02159265   0.00628166 
    7060   0.01818072   0.00617268 
    7070   0.02955303   0.00613745 
    7080   0.01433955   0.00617428 
    7090   0.00481073   0.00619527 
    7100  -0.00356448   0.00621292 
    7110  -0.00685285   0.00621712 
    7120  -0.00001962   0.00619492 
    7130  -0.01003585   0.00621665 
    7140   0.03151659   0.00610194 
    7150   0.02540035   0.00611428 
    7160  -0.02036360   0.00623009 
    7170   0.05729159   0.00601780 
    7180   0.01773882   0.00612206 
    7190   0.00166187   0.00616029 
    7200   0.00451846   0.00614853 
    7210   0.01346976   0.00612067 
    7220   0.00632978   0.00613526 
    7230  -0.01572820   0.00618807 
    7240  -0.00899597   0.00616657 
    7250  -0.01000645   0.00616491 
    7260  -0.01652378   0.00617730 
    7270   0.02539497   0.00606362 
    7280  -0.02510914   0.00619048 
    7290  -0.01566673   0.00616240 
    7300   0.00854433   0.00609576 
    7310   0.03761391   0.00601406 
    7320   0.00977347   0.00608421 
    7330   0.00874841   0.00608274 
    7340   0.00609127   0.00608552 
    7350  -0.02104844   0.00615076 
    7360   0.02199430   0.00603548 
    7370   0.07197587   0.00589441 
    7380  -0.01855742   0.00613199 
    7390   0.00915160   0.00605695 
    7400   0.01840735   0.00602861 
    7410  -0.02958186   0.00614703 
    7420  -0.01113443   0.00609674 
    7430   0.02072229   0.00601033 
    7440  -0.00772169   0.00607989 
    7450  -0.02159265   0.00611070 
    7460  -0.03006450   0.00612759 
    7470   0.02145956   0.00599228 
    7480   0.02364799   0.00598251 
    7490   0.00553685   0.00602571 
    7500   0.03014068   0.00595735 
    7510   0.00088404   0.00602961 
    7520   0.02010947   0.00597587 
    7530  -0.01596184   0.00606414 
    7540   0.01225350   0.00598838 
    7550  -0.01258603   0.00604766 
    7560  -0.02307414   0.00606974 
    7570  -0.01398367   0.00604316 
    7580   0.00774772   0.00598416 
    7590  -0.00852282   0.00602152 
    7600  -0.00001371   0.00599608 
    7610   0.02739552   0.00592136 
    7620   0.01326299   0.00595426 
    7630   0.00598271   0.00596903 
    7640   0.02280525   0.00592173 
    7650  -0.00329200   0.00598473 
    7660   0.00566583   0.00595814 
    7670   0.00938518   0.00594476 
    7680  -0.01242599   0.00599586 
    7690   0.04124220   0.00585395 
    7700   0.00542033   0.00594327 
    7710  -0.00281185   0.00596019 
    7720   0.01022082   0.00592335 
    7730  -0.00679317   0.00596243 
    7740   0.02688280   0.00587276 
    7750  -0.01281846   0.00596969 
    7760   0.02335580   0.00587434 
    7770  -0.01417953   0.00596536 
    7780  -0.03002453   0.00600015 
    7790   0.03221993   0.00583998 
    7800   0.00148427   0.00591495 
    7810   0.02153155   0.00586021 
    7820  -0.02548012   0.00597382 
    7830  -0.02945983   0.00597960 
    7840  -0.01506204   0.00594083 
    7850   0.02732454   0.00583033 
    7860   0.01413254   0.00586044 
    7870  -0.00817461   0.00591258 
    7880   0.02135151   0.00583459 
    7890   0.03001698   0.00580857 
    7900  -0.00488379   0.00589322 
    7910   0.02351481   0.00581797 
    7920  -0.02795629   0.00594193 
    7930   0.01149688   0.00584118 
    7940   0.00399929   0.00585631 
    7950  -0.00599517   0.00587739 
    7960  -0.00742180   0.00587721 
    7970   0.00269844   0.00584851 
    7980   0.00126449   0.00584841 
    7990  -0.02019090   0.00589721 
    8000  -0.02459265   0.00590410 
    8010   0.00447476   0.00582948 
    8020  -0.04882457   0.00595382 
    8030   0.01158294   0.00580448 
    8040   0.00865610   0.00580818 
    8050  -0.01364234   0.00585939 
    8060  -0.01355295   0.00585554 
    8070  -0.01544643   0.00585649 
    8080   0.01038754   0.00578948 
    8090  -0.03355804   0.00589241 
    8100   0.02038266   0.00575725 
    8110  -0.02248045   0.00585889 
    8120   0.01555020   0.00576230 
    8130  -0.01096535   0.00582403 
    8140   0.01516410   0.00575619 
    8150   0.02454232   0.00572907 
    8160   0.00693676   0.00576957 
    8170  -0.00426095   0.00579350 
    8180   0.01879854   0.00573301 
    8190  -0.00996872   0.00580025 
    8200   0.01109027   0.00574522 
    8210  -0.00151957   0.00577270 
    8220   0.01363849   0.00573190 
    8230  -0.00915037   0.00578417 
    8240  -0.03770916   0.00584819 
    8250   0.01331644   0.00572227 
    8260   0.02208773   0.00569695 
    8270  -0.00785626   0.00576705 
    8280  -0.02323517   0.00580022 
    8290   0.00243630   0.00573516 
    8300   0.00732301   0.00571976 
    8310  -0.00898134   0.00575585 
    8320  -0.00841958   0.00575105 
    8330   0.04160062   0.00562366 
    8340  -0.01017779   0.00574836 
    8350  -0.00770044   0.00573898 
    8360   0.00625424   0.00570181 
    8370  -0.00419719   0.00572371 
    8380   0.02594911   0.00564639 
    8390  -0.00500147   0.00571882 
    8400   0.00555020   0.00568993 
    8410  -0.00199693   0.00570480 
    8420  -0.01570192   0.00573408 
    8430  -0.01656300   0.00573271 
    8440   0.00106137   0.00568729 
    8450  -0.00360449   0.00569514 
    8460   0.02294635   0.00562708 
    8470   0.00409802   0.00566988 
    8480   0.00793565   0.00565724 
    8490  -0.03535002   0.00575604 
    8500  -0.03053383   0.00574158 
    8510   0.01704424   0.00562506 
    8520   0.02366556   0.00560546 
    8530  -0.01099476   0.00568591 
    8540   0.02749400   0.00558941 
    8550  -0.02720669   0.00571710 
    8560  -0.02290106   0.00570379 
    8570   0.01079941   0.00562053 
    8580   0.00665909   0.00562726 
    8590  -0.00538776   0.00565277 
    8600  -0.03461591   0.00571744 
    8610   0.00730398   0.00561589 
    8620   0.02638878   0.00556614 
    8630   0.00093342   0.00562464 
    8640  -0.03835191   0.00571267 
    8650  -0.03176606   0.00569439 
    8660   0.00390388   0.00560780 
    8670   0.02149847   0.00556206 
    8680   0.00172532   0.00560653 
    8690  -0.00051095   0.00560862 
    8700   0.00553378   0.00559101 
    8710   0.00192055   0.00559640 
    8720  -0.03104219   0.00566984 
    8730  -0.00161556   0.00559837 
    8740   0.01447142   0.00555677 
    8750  -0.00833551   0.00560776 
    8760  -0.01099905   0.00561077 
    8770  -0.01502481   0.00561693 
    8780  -0.00172933   0.00558267 
    8790   0.03747447   0.00548478 
    8800   0.02068007   0.00552281 
    8810   0.00483186   0.00555766 
    8820   0.01124181   0.00553924 
    8830  -0.01905585   0.00560710 
    8840  -0.00267863   0.00556592 
    8850  -0.00938926   0.00557844 
    8860  -0.01743915   0.00559388 
    8870   0.04487860   0.00544164 
    8880  -0.00240346   0.00555273 
    8890   0.01701252   0.00550360 
    8900   0.02559836   0.00547980 
    8910   0.03012452   0.00546573 
    8920   0.01939389   0.00548862 
    8930  -0.00519848   0.00554367 
    8940  -0.02481413   0.00558559 
    8950   0.04991573   0.00540473 
    8960   0.01197877   0.00549405 
    8970   0.00222006   0.00551400 
    8980  -0.01642562   0.00555407 
    8990   0.00145518   0.00550965 
    9000  -0.01314821   0.00554039 
    9010  -0.00374582   0.00551564 
    9020   0.00740956   0.00548653 
    9030  -0.00936674   0.00552251 
    9040  -0.03097318   0.00556844 
    9050  -0.02336061   0.00554827 
    9060   0.01602324   0.00545407 
    9070  -0.02494436   0.00554571 
    9080  -0.01075565   0.00551046 
    9090   0.00428193   0.00547268 
    9100   0.00302273   0.00547260 
    9110  -0.02633470   0.00553664 
    9120  -0.00255757   0.00547953 
    9130  -0.00731007   0.00548747 
    9140   0.00851676   0.00544780 
    9150  -0.01284948   0.00549411 
    9160   0.00469556   0.00545076 
    9170   0.00911618   0.00543748 
    9180  -0.00085191   0.00545767 
    9190  -0.01036306   0.00547649 
    9200  -0.00985352   0.00547235 
    9210  -0.01021372   0.00547020 
    9220  -0.01274233   0.00547297 
    9230   0.02200431   0.00538949 
    9240  -0.00912512   0.00545884 
    9250   0.01732627   0.00539470 
    9260   0.02514601   0.00537330 
    9270   0.02129839   0.00537952 
    9280   0.00797631   0.00540781 
    9290   0.01104459   0.00539776 
    9300  -0.00567868   0.00543337 
    9310  -0.01506204   0.00545168 
    9320  -0.00725789   0.00543113 
    9330   0.01424872   0.00537872 
    9340   0.00059150   0.00540741 
    9350  -0.00319693   0.00541318 
    9360  -0.00911402   0.00542371 
    9370   0.00632624   0.00538558 
    9380   0.01832206   0.00535486 
    9390  -0.00847231   0.00541359 
    9400  -0.00925223   0.00541247 
    9410   0.02015017   0.00534204 
    9420   0.00999970   0.00536280 
    9430   0.01302028   0.00535297 
    9440   0.02154294   0.00533029 
    9450   0.02327507   0.00532341 
    9460  -0.02277659   0.00542541 
    9470  -0.00537301   0.00538369 
    9480  -0.01922978   0.00541184 
    9490  -0.01535451   0.00540038 
    9500  -0.02622423   0.00542156 
    9510  -0.01982609   0.00540462 
    9520  -0.00671870   0.00537256 
    9530  -0.00371228   0.00536297 
    9540  -0.02041865   0.00539742 
    9550  -0.00818951   0.00536741 
    9560  -0.01732487   0.00538494 
    9570  -0.00637844   0.00535775 
    9580  -0.02635257   0.00539916 
    9590  -0.00082102   0.00533966 
    9600  -0.00909265   0.00535544 
    9610   0.04259049   0.00523340 
    9620   0.01516410   0.00529492 
    9630  -0.00639016   0.00534105 
    9640   0.02562726   0.00526521 
    9650   0.01239698   0.00529303 
    9660   0.02196842   0.00526826 
    9670  -0.00198562   0.00532014 
    9680  -0.01721249   0.00535121 
    9690   0.01506369   0.00527599 
    9700  -0.02736585   0.00536785 
    9710   0.01762465   0.00526468 
    9720  -0.01690130   0.00533951 
    9730  -0.02134599   0.00534649 
    9740   0.01282213   0.00526755 
    9750  -0.00149009   0.00529716 
    9760  -0.00224839   0.00529614 
    9770   0.00723027   0.00527214 
    9780   0.01873454   0.00524326 
    9790   0.01060346   0.00525912 
    9800   0.01922367   0.00523679 
    9810  -0.01539490   0.00531166 
    9820   0.00504686   0.00526362 
    9830   0.03684071   0.00518802 
    9840  -0.00947883   0.00529057 
    9850  -0.00940991   0.00528774 
    9860   0.00364061   0.00525608 
    9870   0.02639114   0.00520174 
    9880  -0.02458861   0.00531275 
    9890  -0.00873118   0.00527554 
    9900  -0.00785528   0.00527095 
    9910   0.00835689   0.00523224 
    9920  -0.00449588   0.00525823 
    9930   0.04591993   0.00514055 
    9940  -0.02167314   0.00529042 
    9950   0.01257820   0.00521222 
    9960  -0.02914285   0.00530113 
    9970   0.01186773   0.00520859 
    9980   0.01351757   0.00520226 
    9990  -0.01886993   0.00527112 
