0 0 1
0.0492860866778892 0.0492661330550464 0.99878544082999
0.0973736802134522 0.0972198488672167 0.995262460059751
0.145036806082557 0.144528776890807 0.989499907182859
0.192586567726764 0.191398143266592 0.981511568315779
0.240165741985276 0.237863392223682 0.971297476517343
0.28785532771646 0.283896122686818 0.958853660401219
0.335714228447438 0.329443158247609 0.944173775938945
0.383794382193683 0.374440901149407 0.927248877188707
0.432146798565018 0.418820441461869 0.908066876044005
0.480824258484197 0.462509177707607 0.886611981977847
0.529882845093004 0.505431090338532 0.862864112509781
0.579383142641399 0.547506454207633 0.83679821129573
0.629391451264689 0.588651264887311 0.808383406207102
0.679981195959002 0.628776456574974 0.777581934824977
0.731234664297031 0.66778690678575 0.744347748222391
0.783245220781291 0.705580178713232 0.708624671686735
0.836120196787944 0.742044914869487 0.670343947154651
0.88998474755969 0.777058749205415 0.629420894658655
0.943607403591341 0.809676621506516 0.586867994197472
0.99652972450266 0.839586680078169 0.543216188626453
1.04865673097894 0.866749417389069 0.498732848019875
1.10002409442982 0.891213237511187 0.453571815540811
1.15070776327585 0.913047389293716 0.407838622545964
1.20079095572276 0.932319600065494 0.361617915217652
1.25035319205119 0.949089773034093 0.314984846590246
1.29946745331496 0.963409099267117 0.268009839013947
1.34820015699848 0.975320784916946 0.220760646953345
1.39661198536477 0.984861104609778 0.173303329393834
1.44475887410833 0.992060382448692 0.125702782278926
1.49269294096178 0.996943804545966 0.0780230919370908
1.54046330266007 0.999532061690903 0.0303278143553731
1.58811678480003 0.999841844797528 -0.0173197766727707
1.63569854483305 0.997886217395458 -0.0648564536748601
1.68325263055386 0.993674884974414 -0.112218802315294
1.73082249473148 0.987214375634696 -0.159342984684123
1.77845148434019 0.97850814160495 -0.206164493848158
1.82618332127133 0.967556586919297 -0.252617894439897
1.87406259074993 0.954357022696851 -0.298636543510557
1.92213525404341 0.938903547746073 -0.344152284924937
1.97044920352857 0.921186848301415 -0.3890951092115
2.01905488096211 0.901193906224818 -0.433392768897539
2.06800598420551 0.87890759951794 -0.476970336777351
2.11736029422991 0.854306171884317 -0.519749691006835
2.16718066383259 0.827362538481269 -0.561648905977604
2.2175362234995 0.798043381598067 -0.602581520968696
2.26850388042062 0.766307970749072 -0.642455648627445
2.32017021733308 0.732106613303807 -0.681172870843358
2.37263394447595 0.695378598878133 -0.718626848026191
2.42600913046491 0.656049434054044 -0.754701534952803
2.47998397339965 0.614378686909226 -0.788995176975287
2.53352942937432 0.571271020850481 -0.820745573608332
2.58632859909886 0.527160189345707 -0.849750177180731
2.6383386807495 0.482271541480404 -0.876006152900732
2.68961229583833 0.436741277765711 -0.899571620547797
2.74022929085805 0.390667625902678 -0.920516324533243
2.79027233447297 0.344132238638199 -0.938905734252652
2.83981915406512 0.297209076147711 -0.954796962059268
2.88894082399894 0.249968142945535 -0.968238563800145
2.9377020978179 0.202477136603198 -0.97927142680238
2.98616231748152 0.154802254324123 -0.987929815852031
3.03437639290942 0.107008659480588 -0.994242302378878
3.08239569847953 0.0591608093898097 -0.998232520483166
3.13026885761829 0.0113227254878111 -0.999919759202222
3.17804242674691 -0.0364417603363955 -0.999319415063867
3.22576150009858 -0.0840687679205351 -0.996443327901767
3.27347025744903 -0.131494131180908 -0.991300017924696
3.32121247484109 -0.178653154742385 -0.983894836745878
3.36903201640018 -0.225480359551681 -0.974230040352379
3.41697332410668 -0.271909211943123 -0.962304787826129
3.46508192213802 -0.317871829902591 -0.948115065771011
3.51340495321639 -0.363298659139385 -0.931653534543757
3.56199176642964 -0.408118109974835 -0.912909288184065
3.61089457947816 -0.452256143853943 -0.891867514985058
3.66016924365862 -0.495635795261073 -0.868509039416684
3.70987614780636 -0.53817661063726 -0.842809717887429
3.76008130896128 -0.579793980046817 -0.814739649541048
3.81085771440828 -0.620398329044049 -0.784262147310762
3.86228700472119 -0.659894126222401 -0.751332391228548
3.9144616250129 -0.698178644321076 -0.715895651337308
3.96748762933413 -0.735140386271342 -0.677884914476499
4.02148841418047 -0.77065704666124 -0.637217665575709
4.0755036887394 -0.803935542763604 -0.594681066876129
4.12889469407609 -0.834525228953787 -0.550930933939364
4.18149829283927 -0.86233818954343 -0.50628989829389
4.23332711980456 -0.887408634929445 -0.460935926304876
4.28445115302329 -0.909803578171909 -0.414985414082566
4.33495368136242 -0.929592252516061 -0.36852835333662
4.38491617619857 -0.946836940312821 -0.321642958562816
4.43441395116483 -0.961591160775288 -0.274401756670153
4.48351564195949 -0.973900150277039 -0.226874189467096
4.53228390401405 -0.983801889944697 -0.179127806095097
4.58077639549272 -0.991328123436128 -0.131228887209094
4.6290467373922 -0.996505216673201 -0.0832428390379882
4.67714536854746 -0.999354842867863 -0.0352344929682442
4.72512029052866 -0.999894512369339 0.0127316341312054
4.77301772054072 -0.998137972084987 0.0605910951699973
4.82088267497721 -0.994095495562193 0.108279272161086
4.86875950520213 -0.987774079400474 0.155731132573775
4.91669240500061 -0.979177556511583 0.202880977106106
4.96472590746265 -0.968306632208199 0.249662173403206
5.0129053882962 -0.955158845021302 0.296006869739755
5.06127759285468 -0.939728450228236 0.341845681729584
5.10989120561682 -0.922006219980612 0.387107343727451
5.15879748366525 -0.90197914927001 0.431718314648209
5.20805098020962 -0.879630051287725 0.475602325263338
5.25771039095055 -0.85493701838899 0.518679850360175
5.30783956597512 -0.827872714954622 0.560867484035042
5.35850874433026 -0.798403454589752 0.602077189181504
5.40979608970145 -0.766487994185368 0.642215381908887
5.46178963740644 -0.732075947978391 0.681181796560822
5.51458981131293 -0.695105680223205 0.71886805455134
5.56831274475793 -0.655501465764331 0.755155825948623
5.6226363296665 -0.613531661439853 0.789633249378574
5.67652323126559 -0.570110579374208 0.82153210128979
5.72965481798472 -0.52567711078816 0.850649150900011
5.78198895932575 -0.480459560712299 0.876982547573012
5.83357964810765 -0.434596101940978 0.900591703616002
5.88450818339748 -0.388186503361839 0.921547539173806
5.93485857695255 -0.341313769595819 0.939916487743496
5.98470975417258 -0.29405312722693 0.955756421591817
6.03413385691207 -0.246475807164658 0.969116483563945
6.08319660249817 -0.198650714889189 0.980038006027912
6.13195821968092 -0.150645249023047 0.988555581652135
6.18047445158879 -0.10252577620635 0.994698010939117
6.22879747220792 -0.0543579659267929 0.998489071186849
6.27697668826178 -0.00620706744774235 0.99994811736297
6.32505943863259 0.0418618369491017 0.999090539769641
6.37309161365242 0.0897835868131131 0.995928102025363
6.42111821703446 0.137492697906071 0.990469177666837
6.46918389119998 0.1849231099938 0.982718898186998
6.51733342477008 0.232007922487196 0.972679220419936
6.56561225981065 0.278679112074352 0.960348916838245
6.61406701627808 0.324867225676498 0.945723488277093
6.66274605212226 0.370501040807282 0.928794994508401
6.71170007981765 0.415507183652166 0.90955179358411
6.76098286399566 0.45980969275729 0.887978175503708
6.81065203081972 0.503329512874486 0.864053868958184
6.86077002855506 0.545983898871096 0.837753390846853
6.91140529166831 0.587685703101268 0.809045195751043
6.96263367971195 0.628342510355259 0.777890564724567
7.01454029037419 0.667855571043655 0.744242146672558
7.06722178864005 0.706118463349053 0.708042026393637
7.12078945988086 0.743015384886954 0.66921913285772
7.17537329937451 0.778418927428284 0.627685705141561
7.22968847427336 0.811346801460717 0.584500653779038
7.28327993726557 0.841490940286264 0.540200848988397
7.33605691463538 0.868815924491352 0.495057777728212
7.38805902778855 0.89337363753691 0.44922850409191
7.43936565897785 0.915236081566305 0.402821353998509
7.49006295818064 0.934473110858289 0.35592356389317
7.54023296421305 0.951146259041766 0.308612774676675
7.58995085830363 0.965307960596664 0.260961842561652
7.63928502129636 0.97700236024361 0.213040927859316
7.68829792781755 0.986266425391933 0.164918484489877
7.73704718757152 0.993130968760875 0.116661806253659
7.78558651678341 0.997621489677324 0.0683373931133534
7.83396659117923 0.999758835895489 0.0200112433244789
7.88223578744112 0.999559710731174 -0.0282508850548009
7.93044083528595 0.997037051124686 -0.0763832240615237
7.97862740410656 0.992200297213448 -0.124319747192417
8.02684064621192 0.985055568193386 -0.171993915614677
8.07512571645814 0.975605753985484 -0.219338413522881
8.12352828654765 0.963850527604682 -0.26628486681002
8.17209507180202 0.94978627890782 -0.312763538512747
8.22087438890069 0.933405966240044 -0.358702993327828
8.2699167650587 0.91469887802994 -0.404029721838865
8.31927562263758 0.893650291166911 -0.448667712802431
8.36900806867636 0.870241006476399 -0.492537958690399
8.41917582699915 0.844446733026376 -0.535557875318082
8.46984636252822 0.816237281235678 -0.5776406102707
8.52109426500099 0.785575508105339 -0.618694206149766
8.5730029853446 0.752415933661022 -0.658620572100415
8.62566705725007 0.716702911479441 -0.69731419856494
8.67919499701352 0.678368180578249 -0.734660522284697
8.73371317037609 0.637327538124336 -0.770533805351272
8.78827281235361 0.594359762904673 -0.80414207119039
8.84220543165551 0.550146884446533 -0.835012394903643
8.89533866000057 0.505024285035373 -0.86305104260605
8.94768379060381 0.459176509722234 -0.88829214706021
8.99931215071632 0.412723851913552 -0.910804279845104
9.05030910173018 0.365759060382703 -0.93065845549289
9.10075822777308 0.318362621251548 -0.947918537180799
9.1507367948316 0.270609121815612 -0.962639338211919
9.20031520045776 0.222569969094224 -0.974867118182468
9.2495576954077 0.174314634088149 -0.984640649202247
9.29852340337897 0.125911302175524 -0.991992270673456
9.3472673172979 0.0774272834124653 -0.996948778452281
9.39584118666029 0.0289293246673786 -0.999532131426113
9.44429429095172 -0.0195161186263103 -0.999759996093144
9.49267411826561 -0.0678426263009089 -0.997646155004544
9.54102697295751 -0.115983560752432 -0.993200800973536
9.58939853506572 -0.16387181024404 -0.986430733200716
9.6378343920564 -0.211439522196976 -0.977339465998265
9.68638056179117 -0.258617820531856 -0.965927255961865
9.73508402495075 -0.305336500512505 -0.952191049056608
9.78399328564185 -0.351523693439633 -0.936124344826348
9.83315898070601 -0.397105491935175 -0.917716970428234
9.88263456157159 -0.442005524327511 -0.89695475200024
9.93247707775244 -0.486144463573884 -0.873819064443454
9.98274809897507 -0.529439451899453 -0.848286232297969
10.0335148244877 -0.571803416374837 -0.820326742930255
10.0848514450937 -0.613144242200726 -0.789904217086222
10.1368408486271 -0.653363758270284 -0.756974058407062
10.1895767974942 -0.692356471632593 -0.721481668542333
10.2431667651866 -0.730007960472803 -0.68336006096466
10.297735710562 -0.766192793524953 -0.642526622259629
10.3525193226955 -0.800225349697685 -0.599608619912169
10.4067282078013 -0.831537772637129 -0.555369535729922
10.4601437337246 -0.860002742072758 -0.510181334901052
10.5127614280484 -0.885644409376619 -0.464244604580075
10.5646484613208 -0.908529681575785 -0.417686828883426
10.615890157619 -0.928730528477878 -0.37060423747836
10.6665713468856 -0.946312390477455 -0.323079256101889
10.7167708012374 -0.961331634539683 -0.275187764695421
10.7665603464798 -0.973835877219018 -0.227002180622498
10.8160054946992 -0.983865032153157 -0.178592851588685
10.865166460035 -0.991452389879266 -0.130028767735966
10.914099176087 -0.996625539406763 -0.0813779989162075
10.9628562086161 -0.999407103947439 -0.0327080199609642
11.0114875520927 -0.999815309240973 0.0159140099906855
11.0600413277856 -0.997864410700816 0.0644209860417706
11.1085644074367 -0.993565002197011 0.112745600549195
11.157102985872 -0.986924223496957 0.160820082599778
11.2057031237519 -0.977945877741993 0.2085759276874
11.2544112799177 -0.966630465326181 0.255943611515989
11.3032748520313 -0.952975136013401 0.302852281277393
11.3523427446303 -0.936973556753462 0.349229416653867
11.4016659854595 -0.918615688052537 0.395000451179215
11.45129841425 -0.89788745647316 0.440088342342815
11.5012974733837 -0.874770304328473 0.484413075716831
11.5517251378046 -0.849240589139712 0.527891084085785
11.6026490331912 -0.821268793850564 0.570434556535741
11.6541438085371 -0.790818492474306 0.611950603911985
11.7062928546881 -0.75784499217008 0.652340234714493
11.7591904986617 -0.722293537443941 0.691497077336507
11.8129448624493 -0.684096908103839 0.72930575720645
11.8676816678909 -0.643172157383211 0.76563979515089
11.9226627388603 -0.600125541710832 0.799827039739046
11.9770745700695 -0.555738582361842 0.831280853710707
12.0306899488538 -0.510391732275995 0.859867909290862
12.0835020584196 -0.464289632070866 0.885611106397901
12.1355780025897 -0.417561888156929 0.908577653008536
12.1870037709235 -0.370306034751694 0.928840212508524
12.2378650255519 -0.322605458043395 0.946464928607015
12.2882413487969 -0.274536851596703 0.961508774577795
12.3382053044376 -0.226173381510771 0.974019860751009
12.3878230677217 -0.17758611421153 0.98403849267838
12.4371554528879 -0.128844744529555 0.991598266304237
12.4862589450759 -0.0800180414968339 0.996727003219615
12.5351866267181 -0.0311741792657359 0.999447497036849
12.5839889862214 0.0176189789457049 0.999778089432318
12.6327146268092 0.0662936150539408 0.997733102505221
12.6814108999935 0.114781694688335 0.993323150656332
12.7301244874923 0.163014701944812 0.98655534927505
12.7789019532448 0.210923363886107 0.977433431751545
12.8277902854286 0.258437358541858 0.965957781197648
12.8768374476461 0.305484999555057 0.952125378609893
12.9260929589339 0.351992889471397 0.935929664703616
12.9756085240999 0.397885531979654 0.917360307888735
13.025438739374 0.44308489105886 0.896402865381722
13.0756419038947 0.487509881739245 0.873038317671724
13.126280975868 0.531075772675159 0.847242447686506
13.1774247244877 0.573693474404047 0.818985023878277
13.2291491467377 0.615268678169394 0.788228729305053
13.2815392450042 0.655700797167741 0.754927753829558
13.3346913019152 0.694881642864793 0.719025929239885
13.3887158513141 0.732693740007042 0.680454229744805
13.4437416432044 0.769008138966932 0.639127369560752
13.4988917491281 0.803068730855831 0.595766024393181
13.5534293784843 0.834349985578673 0.551104261886789
13.6071581147665 0.862741583602445 0.505501802310845
13.6600828099929 0.888274343216191 0.4591548217043
13.7122747454375 0.911017813477057 0.412189743858539
13.7638212785043 0.931045049024805 0.364703126369958
13.8148084442066 0.948421956059701 0.316778288922503
13.8653158872453 0.963205101856217 0.268492236511668
13.9154161732557 0.97544217136291 0.219918610235756
13.9651755054389 0.985173065659808 0.171129030615427
14.0146547792046 0.99243100123318 0.122193793709543
14.0639106208686 0.997243438414064 0.0731823061108951
14.1129963149783 0.999632818347372 0.0241634137067401
14.1619626132752 0.999617129458492 -0.0247943128019626
14.2108584449711 0.99721033049497 -0.0736223086548458
14.2597315534321 0.992422653141409 -0.122251748930604
14.3086290833661 0.9852608010956 -0.170613277522722
14.3575981404083 0.975728056650129 -0.218636724674787
14.4066863433427 0.963824300629059 -0.266250806612357
14.4559423886173 0.949545946786668 -0.313382800098234
14.5054166475095 0.93288578712509 -0.359958183473991
14.5551618184439 0.913832739608367 -0.405900233915875
14.6052336608382 0.892371483946864 -0.451129568081176
14.6556918429577 0.868481963867035 -0.495563609792179
14.7066009453835 0.842138724694574 -0.539115963494719
14.7580316751529 0.81331004188128 -0.581695665318477
14.8100623654881 0.781956777325458 -0.623206273697453
14.8627808656488 0.748030872832036 -0.663544747162903
14.9162869704197 0.711473348669654 -0.702600035633328
14.9706956085582 0.672211611148149 -0.740251279182953
15.0261411208305 0.630155771083771 -0.776365457781018
15.081434158296 0.586286746725036 -0.810004131140765
15.1360207045822 0.541219900049517 -0.840784825395312
15.1897760162874 0.495263053055879 -0.868649478243871
15.2427311168175 0.448590712639371 -0.893645973366153
15.2949658853601 0.401320565903947 -0.915848206226482
15.3465698181476 0.353545821041788 -0.935329297927734
15.3976288929104 0.305348671035888 -0.95215396151913
15.4482220832174 0.256805919365144 -0.966377334006716
15.4984212294743 0.207991407031115 -0.978045744255026
15.54829193534 0.15897714729419 -0.987197880335193
15.5978946666818 0.10983394018625 -0.993865881245693
15.6472857903159 0.0606317768362123 -0.998076237830421
15.6965184901461 0.0114401581707035 -0.999850500100742
15.7456435650777 -0.0376716209306981 -0.999205816583939
15.7947101319231 -0.0866341996289206 -0.996155333181754
15.8437662592851 -0.135377879789228 -0.990708473719312
15.8928595566567 -0.183832347723534 -0.982871117984196
15.9420377407185 -0.231926382465202 -0.972645687186961
15.9913491993474 -0.279587543826595 -0.960031141565644
16.0408435735799 -0.32674183259278 -0.945022890031516
16.0905723788608 -0.373313313749223 -0.927612606915977
16.140589689565 -0.41922369156694 -0.907787945574546
16.1909529153318 -0.464391822491489 -0.88553213228926
16.2417237047993 -0.508733147795959 -0.860823415875161
16.2929690228178 -0.552159022390321 -0.83363433763767
16.3447624626869 -0.594575908303998 -0.803930771349856
16.3971858778834 -0.635884390041793 -0.771670661393923
16.4503314521398 -0.675977952445449 -0.7368023553918
16.5043043793627 -0.71474143690826 -0.69926237930592
16.5592264073148 -0.752049053782275 -0.658972427428256
16.6149348641769 -0.787573436210199 -0.616076067013324
16.6702377772836 -0.820422508216928 -0.571601056003852
16.724761201412 -0.850353235900651 -0.52604134609841
16.7784483921189 -0.877355858358963 -0.479652092555767
16.8313536206317 -0.901492280743386 -0.432585769214957
16.8835631729986 -0.922838468890012 -0.384951064157779
16.9351670343011 -0.941465873345422 -0.336837617364306
16.9862498650362 -0.957436652324641 -0.28832631008961
17.0368889945034 -0.970803417903431 -0.239493592151047
17.0871547816812 -0.981610242477911 -0.190413385312205
17.1371116433842 -0.989893844480878 -0.141158009306888
17.1868191639396 -0.995684636178821 -0.0917987144229809
17.2363331102409 -0.99900756995596 -0.0424060548791152
17.2857063199407 -0.999882795058639 0.00694980255905548
17.3349894766889 -0.99832615306464 0.0561987954086197
17.3842317979927 -0.994349538582707 0.105270689805844
17.4334816618373 -0.987961145538033 0.154094802420542
17.4827871960219 -0.979165612972253 0.202599712722805
17.5321968520856 -0.967964078514567 0.250712958894741
17.5817599846314 -0.954354142503399 0.298360710177657
17.6315274570856 -0.93832974081036 0.345467407302685
17.6815522966407 -0.919880919307926 0.3919553609226
17.73189042456 -0.898993497129034 0.437744295531624
17.7826014936263 -0.875648598771398 0.482750822991089
17.8337498730225 -0.849822025865487 0.526887825094451
17.8854058335442 -0.821483426842398 0.570063718024401
17.9376470046731 -0.790595204964496 0.612181562178943
17.9905602028107 -0.75711107930541 0.653137967255181
18.0442437720089 -0.72097417452876 0.692821722388931
18.0988106435528 -0.682114455689285 0.73111205075148
18.1543924239192 -0.640445229759758 0.767876340782854
18.2101692536997 -0.596641499317758 0.802385370496633
18.2653432395279 -0.551485022861785 0.834066460027428
18.3196968801261 -0.505358165239676 0.862794870485338
18.3732298345804 -0.45846814551074 0.888598975726108
18.4260138975582 -0.410947379285067 0.911549661515036
18.4781387028104 -0.362896275691072 0.931722175622519
18.5296929014786 -0.314401104089815 0.949184532727669
18.5807586337876 -0.265541433824556 0.963995078966729
18.6314107298872 -0.216393300563432 0.976202928114932
18.6817174340529 -0.167030642531498 0.985849100355391
18.7317415005125 -0.117526040467456 0.992967669530083
18.7815412782312 -0.0679511772057389 0.997586732281049
18.8311716808367 -0.018377183738456 0.999729175796713
18.8806850333567 0.0311250604161083 0.99941326591969
18.9301318163369 0.0804846435281512 0.996653084068705
18.9795613338963 0.129630340532563 0.991458837108703
19.0290223313345 0.178490325764029 0.983837057774187
19.0785635856811 0.22699187247126 0.9737907069831
19.1282344909423 0.275061032030611 0.961319183777596
19.1780856593522 0.322622284937323 0.946418243471376
19.2281695609093 0.369598154186998 0.929079819468814
19.2785412260855 0.415908769537958 0.909291738671556
19.3292590411796 0.461471368188505 0.887037313833078
19.380385672956 0.506199713297708 0.862294787920799
19.4319891699443 0.550003406036292 0.835036594459075
19.4841443036448 0.592787058722053 0.805228382406248
19.5369342364602 0.634449284893797 0.772827731955156
19.5904526386171 0.674881445025112 0.737782454855804
19.6448064306628 0.713966060881288 0.700028322977822
19.7001194133743 0.751574772049179 0.659485990741103
19.756259804799 0.787394739983967 0.616275187449402
19.8119985638659 0.820504224843003 0.571452182500832
19.8669489667647 0.850651174000642 0.525525071870409
19.9210513777531 0.877824518787932 0.478756119626499
19.9743607187442 0.902087264969935 0.431301752838016
20.0269649815116 0.923516980071144 0.383273252066087
20.0789560194687 0.942186612418519 0.334762269989008
20.1304202439025 0.958159566071879 0.285851451006066
20.1814365581602 0.971489443855915 0.236618897594287
20.2320767319802 0.982221087638288 0.187140134086055
20.2824064623064 0.99039180056716 0.137489061444957
20.3324865170562 0.996032424953331 0.0877385061770027
20.3823737808454 0.999168210991551 0.0379606053564275
20.4321221699588 0.999819489179548 -0.0117728746557518
20.4817834313203 0.99800217584287 -0.0613902451625046
20.5314078521692 0.993728139170936 -0.110819609166518
20.5810449076929 0.987005446688587 -0.159988572144649
20.6307438716342 0.977838508345177 -0.208823941961726
20.6805544128036 0.966228123340462 -0.25725141080358
20.7305271994311 0.952171433341389 -0.305195211417394
20.7807145337014 0.935661779500341 -0.352577738670239
20.8311710408149 0.916688455193284 -0.399319125515753
20.8819544408166 0.895236340105444 -0.445336759760111
20.9331264377316 0.871285393512303 -0.490544724269902
20.9847537700959 0.844809974391241 -0.534853138034269
21.0369094811533 0.815777941974075 -0.57816736811416
21.0896744880163 0.784149470393726 -0.62038707194476
21.1431395605985 0.749875481809667 -0.661405014053731
21.1974078691305 0.712895558245363 -0.701105578331948
21.2525983338714 0.673135123848113 -0.739362862043768
21.3088501303674 0.630501579656549 -0.776038182997748
21.3649961055744 0.5859592639846 -0.810196530054894
21.4204324258271 0.54016757389377 -0.841418375379706
21.4750188608828 0.493455590888949 -0.869635976237981
21.5287840886689 0.446008724910936 -0.894897018175397
21.5818101197572 0.397951090728852 -0.917277889825815
21.6341897918909 0.349380430720202 -0.936854570269533
21.6860125025664 0.300382671580615 -0.95369430189406
21.7373603913174 0.251038006515265 -0.96785428214946
21.7883081608539 0.201423515168422 -0.97938245792228
21.8389240130572 0.151614384549943 -0.988318755954717
21.8892708087346 0.101684567404633 -0.994696234471718
21.9394071664744 0.0517072140663774 -0.998542031245077
21.9893884328445 0.00175501281234695 -0.999878104862902
22.0392675284698 -0.0480995059162365 -0.998721796559351
22.0890956949641 -0.097783677116337 -0.995086241850559
22.1389231707844 -0.147224408114675 -0.988980655398873
22.18879982232 -0.1963478763515 -0.980410505548477
22.2387757542617 -0.245079210697738 -0.969377588532444
22.28890192195 -0.293342148603274 -0.955880006578382
22.3392307684135 -0.341058660239812 -0.939912048709633
22.3898169104241 -0.388148529002103 -0.921463967487368
22.4407179013644 -0.434528875172432 -0.900521638720485
22.4919951045012 -0.480113605991103 -0.877066083614428
22.5437147191571 -0.524812770408585 -0.851072823037513
22.5959490155496 -0.568531789800307 -0.8225110202565
22.6487778537661 -0.611170525934682 -0.791342349658283
22.7022905918086 -0.65262213296718 -0.757519501504859
22.7565885324152 -0.692771618704713 -0.720984191540686
22.8117881278431 -0.731494007704093 -0.681664480609108
22.8680252724989 -0.768651947808118 -0.639471108133015
22.9244570299136 -0.803495370413418 -0.595099538505569
22.9802713989271 -0.835441688149449 -0.549349296005597
23.0352483633416 -0.864365483674795 -0.502612190098038
23.0893891944002 -0.890297204480802 -0.455100950964784
23.1427684390609 -0.91331023160348 -0.406951757552091
23.1954785635502 -0.933482025517164 -0.358268024877654
23.247610818532 -0.950882389765487 -0.309138699677267
23.2992496636656 -0.965571063158894 -0.25964588370109
23.3504720048115 -0.977598219374901 -0.209868080931812
23.4013479733282 -0.987005665051594 -0.159881673114002
23.4519420751596 -0.993828033324787 -0.109761682720608
23.502314322201 -0.998093786391269 -0.0595822495170796
23.5525212424176 -0.999826005978112 -0.00941699173656045
23.6026167620724 -0.999042995538449 0.0406606785398651
23.6526529825008 -0.995758724115986 0.0905772559090553
23.7026808797347 -0.98998313691381 0.140258843364581
23.7527509542195 -0.98172235056188 0.189630845955725
23.8029138556128 -0.970978744356495 0.238617648686671
23.8532210061255 -0.957750952705232 0.287142270815968
23.9037252456736 -0.942033758379182 0.335125987668764
23.9544815235236 -0.92381788049002 0.382487909321405
24.0055476644042 -0.903089644821481 0.429144502995385
24.0569852426769 -0.879830516579166 0.47500904247584
24.1088606068561 -0.854016465884563 0.519990962956114
24.1612461097997 -0.825617123146872 0.563995092792079
24.2142216192494 -0.794594662857828 0.606920723774924
24.2678764123655 -0.760902327303772 0.648660467192356
24.3223116018835 -0.72448246116005 0.689098821705724
24.3776433097237 -0.685263865448106 0.728110346861644
24.4340069124 -0.643158180064742 0.765557285899452
24.4906967705848 -0.598748620199316 0.800768151754332
24.5468068274766 -0.552898518395182 0.833085797801235
24.6020813408639 -0.506028927080392 0.862358780445885
24.6565098113445 -0.458365687586528 0.8886102111004
24.7101640824823 -0.410051062835253 0.911912631194598
24.7631370726876 -0.361191586643652 0.932344626945838
24.8155214154514 -0.311878086968438 0.949977524868759
24.8674030950368 -0.262194025718557 0.964872493491862
24.9188604337429 -0.212219039698265 0.977080923681934
24.969964814705 -0.162030536894867 0.986645625137179
25.020781838587 -0.111704510520684 0.993602048976584
25.0713724799897 -0.0613160388965068 0.997979322185134
25.121794124298 -0.0109396589834937 0.99980106520093
25.1721014737951 0.0393503101712363 0.999086015338777
25.2223473448039 0.0894794615302574 0.995848486649181
25.2725833846763 0.139372995899172 0.990098692185603
25.3228607366598 0.188955409749282 0.981842947467347
25.3732306784117 0.238150167045987 0.971083766976485
25.4237452583396 0.286879347018282 0.957819859268942
25.4744579537134 0.335063258750268 0.942046020451631
25.5254243759193 0.382620011679766 0.923752919907161
25.576703051586 0.429465028493738 0.902926765664321
25.628356314079 0.47551048328063 0.879548829017416
25.6804513488164 0.520664642729203 0.853594797962562
25.7330614492884 0.564831081015759 0.825033915413428
25.7862675606639 0.607907728804398 0.793827838964887
25.8401602178293 0.649785701926364 0.759929130997356
25.894842030299 0.690347833253607 0.72327924592482
25.9504309372693 0.729466797780904 0.683805816519865
26.0070645690587 0.767002668644662 0.641418937948109
26.0639790295517 0.802246713802365 0.596750102352645
26.1202937458802 0.834562662453354 0.550649434678227
26.1757640612089 0.863807739869097 0.503532559107679
26.2303843224743 0.890008614160547 0.455623501921414
26.2842286478455 0.913239338429411 0.407064270057057
26.3373911793065 0.933579188357362 0.357961790498312
26.389965338178 0.951099832605878 0.308407550037563
26.4420377106979 0.965862618986214 0.258485778683106
26.4936871398418 0.977919027817543 0.208276929194811
26.5449854949126 0.987311898363653 0.157859251084608
26.5959988518979 0.994076664143627 0.107309598392687
26.6467886642093 0.998242392679388 0.056703929939878
26.697412810149 0.999832604703809 0.00611768612606974
26.7479265083498 0.99886589694665 -0.0443738828864999
26.798383124124 0.995356399604422 -0.0946954055373958
26.8488348962431 0.989314094576888 -0.14477107805127
26.8993336127321 0.980745013156527 -0.194524344578242
26.9499312620005 0.969651324754579 -0.243877560080439
27.0006806841234 0.956031321836635 -0.292751627575872
27.0516362470168 0.939879300230001 -0.3410656001867
27.1028545739096 0.921185327854189 -0.388736236501148
27.1543953522392 0.899934888110188 -0.435677494968063
27.206322260374 0.876108375895348 -0.481799949139005
27.2587040582943 0.849680413484259 -0.527010100107446
27.3116159029328 0.820618938878883 -0.571209554768444
27.3651409706267 0.78888399846327 -0.614294027439986
27.4193725018169 0.754426145363724 -0.656152106206088
27.4744164330818 0.717184298982994 -0.696663701217533
27.5303948595933 0.67708284979977 -0.735698055342566
27.5874506962464 0.634027679125318 -0.773111139708504
27.6445564092401 0.588868809813689 -0.80803748186107
27.7009823800467 0.542361258181019 -0.839960992714705
27.7565439207255 0.49487858584812 -0.868783399827346
27.8112575399637 0.446627288640141 -0.894546102653163
27.8652048154776 0.397742459744517 -0.917327038479734
27.9184819207435 0.348328564891919 -0.93720568720781
27.9711824529887 0.298476474622996 -0.954252818357168
28.0233926490378 0.248270573581597 -0.968528652690746
28.0751909501459 0.197791805933347 -0.980083583740244
28.1266489257226 0.147119077227844 -0.988959464859414
28.1778324941276 0.0963299959987816 -0.995190839307852
28.228803096784 0.0455013505350801 -0.998805957164551
28.2796187397723 -0.00529052036910859 -0.99982756931227
28.3303349037967 -0.0559693977462998 -0.998273526547227
28.381005348563 -0.106458865546889 -0.994157215205167
28.4316828420053 -0.156681992040925 -0.987487854594714
28.4824198432846 -0.206560999935174 -0.978270673857685
28.5332691662406 -0.256016916801825 -0.966506978691579
28.5842846487192 -0.30496919696913 -0.95219411186297
28.6355218535205 -0.353335304631519 -0.93532530524151
28.6870388288899 -0.40103024573589 -0.915889414646102
28.7388969608983 -0.447966033062977 -0.893870521458273
28.7911619573218 -0.494051064531836 -0.869247375891701
28.8439050137671 -0.539189388589238 -0.841992644870899
28.8972042294714 -0.583279821787429 -0.812071910989689
28.9511463651533 -0.626214871018398 -0.779442345395185
29.0058290730035 -0.667879394299203 -0.744050942494705
29.0613637869319 -0.708148906095783 -0.705832151139942
29.1178795526033 -0.74688739017021 -0.664704653377016
29.1754810166925 -0.783915119063506 -0.620603915429673
29.2327333405532 -0.818141954961703 -0.574730355209505
29.2891742006457 -0.849259883612492 -0.527662813996717
29.3447227610003 -0.877245463231367 -0.47969782162655
29.3994329014549 -0.902163820679433 -0.431009626201216
29.4533980647695 -0.92409837774409 -0.381720237386496
29.5067170166193 -0.943128092562267 -0.33192902818121
29.5594828685886 -0.959321537919289 -0.281725079520212
29.6117805744964 -0.972736500890363 -0.231192367484301
29.6636872891256 -0.983421122930647 -0.180412033205735
29.7152735375729 -0.99141526397336 -0.129463476291898
29.7666044890763 -0.996751705595249 -0.0784249761503244
29.8177411234264 -0.999457116479167 -0.0273741240129331
29.8687412513719 -0.999552794599178 0.0236118203665317
29.9196604058555 -0.997055219815165 0.074455599947178
29.9705526348954 -0.991976448087566 0.12507963790402
30.0214712276761 -0.984324370840615 0.175405709272156
30.072469402981 -0.974102855025346 0.22535459769148
30.1236009869351 -0.961311772222046 0.274845728615647
30.1749211062348 -0.945946918536744 0.323796769455883
30.2264869240236 -0.927999820597838 0.372123185366201
30.2783584486267 -0.907457416029142 0.419737736753317
30.3305994509441 -0.884301588619099 0.466549900897385
30.3832785351865 -0.858508528053561 0.51246519489161
30.4364704211195 -0.830047870162165 0.557384369800873
30.4902575161656 -0.798881554085671 0.601202435485355
30.5447318860431 -0.764962304354997 0.643807460324104
30.5999977788451 -0.728231603266415 0.685079067488489
30.6561749293548 -0.688616953136741 0.724886515089222
30.7134029851307 -0.646028123231333 0.763086193922458
30.7711023868947 -0.600947551882647 0.799070705851302
30.8282471065237 -0.55432852966768 0.83208830474994
30.8845389184925 -0.506635239384506 0.861957634885182
30.9399561628278 -0.458114415607392 0.888696026467172
30.99457090451 -0.408919415291249 0.912378000957257
31.0484798651229 -0.359163693218661 0.933085978575207
31.1017802283281 -0.308943240807281 0.950895054251544
31.1545623489157 -0.258345937438785 0.965869587927793
31.2069085095601 -0.207455513207032 0.978063530359305
31.2588936488444 -0.156353325735944 0.987521690429405
31.310586591178 -0.105119258061443 0.994281046196661
31.362051287215 -0.0538322644601896 0.99837185490738
31.4133479286493 -0.00257077566239129 0.999818527630663
31.464533923401 0.0485869507561836 0.998640292580121
31.5156647545867 0.0995624982452299 0.994851680310637
31.5667947548712 0.150276959669006 0.988462858902189
31.6179778271565 0.200650595218668 0.979479839237885
31.6692681402819 0.250602470748071 0.967904562696565
31.7207208269031 0.300050067222863 0.953734876507684
31.7723927108076 0.348908850626327 0.936964395341002
31.8243430929766 0.397091789423174 0.917582240859246
31.8766346301085 0.444508803446109 0.895572643250265
31.929334346704 0.491066123522929 0.870914379299287
31.9825148332372 0.536665534763411 0.843580009166919
32.0362557001328 0.5812034673225 0.813534856953398
32.0906453830697 0.624569885303832 0.780735655646186
32.1457834342275 0.666646905101622 0.745128740801195
32.2017834943871 0.707307045328198 0.706647622007855
32.2587772359958 0.74641096546418 0.665209674229135
32.3169061657006 0.783796064495273 0.62072217561527
32.374690139997 0.818335355678712 0.574420236386594
32.4316512444114 0.849709701128752 0.526900284812608
32.4877052730509 0.877894201146812 0.478467800773879
32.5429070962984 0.902955504279831 0.429302049076163
32.597352415382 0.924979131445413 0.379528348326056
32.6511424201875 0.944045967588571 0.329248652502118
32.7043724743858 0.960226166592305 0.278554312362624
32.7571295475562 0.973578756759918 0.227531438712351
32.8094925979238 0.984152829894775 0.176263248968999
32.861533787691 0.991988955203011 0.124831197336879
32.9133198032775 0.997120422393002 0.0733156173452835
32.9649130630506 0.999574236255357 0.0217961693831322
33.0163727737773 0.999371878616253 -0.0296477888133255
33.0677558539996 0.996529872978059 -0.0809368596226148
33.1191177568079 0.991060184263015 -0.13199126842454
33.170513225195 0.982970477890244 -0.18273051918589
33.2219970106866 0.972264253969217 -0.233073033132387
33.2736245838172 0.958940864739103 -0.282935761209143
33.3254528643966 0.942995416343932 -0.332233759972873
33.3775410008394 0.924418549064122 -0.380879718550013
33.4299512314453 0.903196082538195 -0.428783421323567
33.4827498669768 0.87930850346414 -0.475851126818647
33.5360084440914 0.852730261656906 -0.521984837363192
33.5898051146797 0.823428824565624 -0.567081425742007
33.6442263594353 0.791363417997259 -0.611031573035475
33.69936914917 0.756483347988801 -0.653718454214901
33.7553437313913 0.718725749125957 -0.695016081701325
33.8122773044057 0.678012527172465 -0.734787176662484
33.8703189778523 0.634246139196499 -0.772880374040912
33.9284658446393 0.588258679963989 -0.808432441162167
33.9859279010056 0.540858871768145 -0.840881715891224
34.0425018666308 0.492446694957155 -0.870118256042613
34.0982017593247 0.443242359456155 -0.89618353961944
34.1531121091336 0.39338911657662 -0.919158839551317
34.2073334618179 0.342997228061519 -0.939127335145951
34.2609638264318 0.292162363391624 -0.95616301697995
34.3140934993766 0.240973282269215 -0.970328694691702
34.366804582985 0.18951512320714 -0.981676766616878
34.419171969911 0.137870914704148 -0.990250595068949
34.4712646479831 0.0861223732330988 -0.996085816646955
34.5231469556486 0.0343504162568547 -0.999211420659457
34.5748796963739 -0.017364437713693 -0.999650586191922
34.6265211137414 -0.0689417116250364 -0.997421308506773
34.6781277559983 -0.120300624129883 -0.992536848578269
34.7297552635492 -0.17135973966954 -0.985006032623244
34.7814591113715 -0.22203660359106 -0.974833419912653
34.8332953361476 -0.272247352608284 -0.962019349092426
34.885321276941 -0.321906290194152 -0.946559865851447
34.9375963591499 -0.370925414660819 -0.928446527585225
34.9901829546568 -0.419213884851795 -0.907666073043055
35.0431473570657 -0.466677404332658 -0.884199935983116
35.0965609205608 -0.51321749928206 -0.858023570510105
35.1505014256429 -0.558730657227921 -0.829105540502529
35.2050547571846 -0.603107282200677 -0.797406304040947
35.2603170137668 -0.646230404958488 -0.762876592365776
35.3163972186238 -0.687974061692668 -0.725455235601775
35.3734208829126 -0.728201216026006 -0.685066214016171
35.4315348011895 -0.766761038452641 -0.641614595768949
35.4900141100559 -0.802949734531617 -0.595703391222399
35.5478862694388 -0.836060518125383 -0.54826333381089
35.6048780325492 -0.865932309273897 -0.499750168663035
35.660979843229 -0.892591767970716 -0.450408821807053
35.7162702951816 -0.916118045189551 -0.400393707011815
35.7708501901687 -0.936596099795981 -0.349820526417997
35.8248196642586 -0.95410255083762 -0.298788003997484
35.878271469798 -0.968702723068191 -0.247386951651855
35.9312899969398 -0.980451175720758 -0.195704123576684
35.9839521374094 -0.989393066936668 -0.143823958296446
36.0363285944595 -0.995565514448733 -0.0918294724955975
36.0884851783976 -0.998998731508811 -0.0398028160377058
36.1404839651758 -0.999716913691319 0.0121743073262264
36.1923843106666 -0.997738904934768 0.064020270307743
36.2442437477585 -0.993078677802384 0.115653167606487
36.2961188004629 -0.985745656606024 0.166990458689363
36.3480657482351 -0.975744903247545 0.217948596185032
36.4001413714842 -0.963077177206457 0.268442629801015
36.4524037081135 -0.947738873372643 0.318385775099975
36.5049128516795 -0.929721833956243 0.367688934677703
36.5577318248323 -0.909013022819206 0.416260156439181
36.6109275676368 -0.885594041411885 0.464004009587064
36.664572090028 -0.859440453955761 0.510820853178734
36.7187438524915 -0.830520874031965 0.556605963940955
36.7735294614428 -0.798795742969474 0.601248478292794
36.8290257996706 -0.764215698667115 0.644630086360266
36.8853427641746 -0.72671938562387 0.686623390132981
36.9426068651301 -0.68623048257634 0.72708979870479
37.0009660705979 -0.642653604820619 0.76587677187543
37.0597404994388 -0.596555549219195 0.802303788678858
37.1179174045104 -0.548896790450691 0.835632247434936
37.1752091588572 -0.500147308946542 0.865690887341942
37.2316023019592 -0.450558873576496 0.892504287369544
37.2871753462145 -0.400289478630925 0.916152138653027
37.3420302275925 -0.3494570181872 0.936720580989148
37.3962684818637 -0.29816182498937 0.954287409731242
37.4499842141854 -0.246496073743091 0.968918947624548
37.5032630411817 -0.194547775829376 0.980670553140822
37.5561829543893 -0.142402581148228 0.989588006738346
37.6088156529498 -0.0901446995155072 0.995708899586605
37.6612278657721 -0.0378574706482458 0.999063793499316
37.7134825349869 0.014376204867464 0.99967712578156
37.7656398523429 0.0664734871904337 0.997567887764784
37.8177581761996 0.118351234194142 0.992750112830106
37.8698948642262 0.169925635213561 0.985233203232778
37.9221070559887 0.221111829499109 0.975022115974026
37.9744524373973 0.271823498887393 0.962117419253892
38.0269900178997 0.321972423570949 0.946515223022194
38.0797809522018 0.371467987938229 0.928206979370035
38.1328894416342 0.42021662043063 0.907179140249814
38.1863837566483 0.468121147022805 0.88341265037247
38.2403374322535 0.515080031798787 0.856882240923155
38.2948307040752 0.560986469375788 0.827555473284524
38.349952276705 0.605727281358029 0.795391458723206
38.405801552427 0.649181550558968 0.760339145944934
38.4624915044573 0.691218899085698 0.722335016881583
38.5201524669923 0.731697273909693 0.681299950586755
38.5789372568474 0.770460036418665 0.637134885298159
38.6379656994032 0.806704996896416 0.59057223746646
38.6963346949298 0.839782334070318 0.542506391973469
38.7538010424448 0.869554395172327 0.493377948824451
38.8103681571136 0.896057261348311 0.443426633146919
38.8661205929836 0.919373946170752 0.392805979786374
38.9211622740506 0.939591069147634 0.341632623859789
38.9755953039283 0.956786001829402 0.29000697073443
39.0295139270167 0.971024409088269 0.238021826737498
39.0830038309838 0.982360969582385 0.185766082105952
39.1361431342356 0.990840815574034 0.133326390716324
39.1890037574456 0.996500923264614 0.0807880464863623
39.2416527562399 0.999371259048397 0.0282355396974997
39.2941535078073 0.999475667163238 -0.0242470126554911
39.3465667506087 0.996832530676712 -0.0765754831662627
39.3989515075241 0.991455241902786 -0.128665362348674
39.4513659286285 0.983352510931414 -0.180431381188017
39.5038680884741 0.972528531564024 -0.23178711582046
39.5565167706501 0.958983015043266 -0.2826445634263
39.6093722716328 0.942711093714743 -0.332913677507411
39.6624972573353 0.923703088625961 -0.382501848511847
39.7159577098185 0.901944126263513 -0.431313312367785
39.7698240089924 0.877413579156808 -0.47924846462641
39.8241722059427 0.850084291607402 -0.526203051027556
39.8790855625783 0.819921533423462 -0.572067195470756
39.9346564596601 0.786881598311725 -0.616724212126959
39.9909888169923 0.750909924779065 -0.660049127386006
40.0482012342007 0.711938558119001 -0.701906805564718
40.1064311630321 0.669882678595769 -0.742149523075038
40.1658405894239 0.624635768587054 -0.780613757175983
40.2250869667868 0.577318010391751 -0.816229484336878
40.2835366139132 0.528650686430869 -0.848560037298581
40.3410523509203 0.478997635013028 -0.877545463389311
40.3976761524001 0.428566333761767 -0.903246819467936
40.4535050685313 0.377497346379806 -0.925753133639399
40.5086460011498 0.325902428841283 -0.945150754426021
40.5632008535403 0.273880465363883 -0.96151500005476
40.6172628318895 0.221524148358597 -0.974909198602225
40.670916565741 0.168922872817207 -0.985385846899773
40.7242393515644 0.116164103169716 -0.992988133172776
40.777302583058 0.0633341291166599 -0.997751301592657
40.8301730805232 0.0105185788443532 -0.999703746628293
40.8829142606037 -0.0421971620425219 -0.998867847694364
40.9355871620346 -0.0947275644166945 -0.995260581770843
40.9882513628279 -0.146986574424221 -0.988893949771497
41.0409658265022 -0.198887221580105 -0.979775243344381
41.0937897128126 -0.250341204420451 -0.96790716901023
41.1467831865391 -0.301258442266846 -0.953287837503674
41.2000082577909 -0.351546580184316 -0.935910617690313
41.2535296896337 -0.401110431480345 -0.915763845806706
41.307416014184 -0.449851338044249 -0.892830371106722
41.3617407074916 -0.497666423070465 -0.867086907144709
41.4165835879253 -0.544447702531185 -0.838503142301773
41.4720325247299 -0.590081010009035 -0.807040541425634
41.5281855767764 -0.634444672319829 -0.77265073893812
41.5851537327602 -0.677407847726964 -0.735273376460566
41.6430645043233 -0.718828399397528 -0.694833164702073
41.7020667524494 -0.758550115269246 -0.651235832022622
41.7618279458208 -0.796091037060199 -0.604768043036912
41.8210817074967 -0.830507308073982 -0.55656258484278
41.8794447924567 -0.861557119166874 -0.507171238067099
41.9368738498293 -0.889246725717951 -0.456883672396295
41.9934422065242 -0.913655314857355 -0.405876265563222
42.0492549516164 -0.934873575740743 -0.354276964117185
42.1044190092596 -0.952984574246319 -0.302192654853372
42.1590340038667 -0.968059339587442 -0.249720592103115
42.2131905842433 -0.980157114407469 -0.196953228905344
42.2669711904911 -0.989326791881624 -0.14398036686979
42.3204514541003 -0.995608423423079 -0.0908902287392098
42.3737016254693 -0.999034492308016 -0.0377701016262887
42.4267878603642 -0.99963090933396 0.0152931889016889
42.479773347122 -0.997417758632116 0.0682128683846333
42.5327193025114 -0.992409832796963 0.120901821722807
42.5856858745046 -0.98461699006894 0.173272198166286
42.6387329898297 -0.974044356286047 0.22523499916399
42.6919211819069 -0.960692384510574 0.276699637227758
42.7453124336656 -0.944556776163597 0.327573453314684
42.7989710708504 -0.925628258672084 0.377761178040785
42.8529647453575 -0.903892205217676 0.427164318530988
42.9073655556016 -0.879328071107237 0.475680447645833
42.9622513630353 -0.851908607152258 0.523202365128092
43.0177073826551 -0.821598791226343 0.569617089914797
43.0738281538053 -0.78835439177266 0.614804627907756
43.1307200411509 -0.752120036476748 0.658636437369942
43.188504483391 -0.712826597261863 0.700973480630967
43.2473223149359 -0.670387604694444 0.741663698774553
43.3073396620211 -0.62469424457716 0.780538662723007
43.3672242637494 -0.57685980671728 0.816526298857593
43.4263076183338 -0.527637898613243 0.849164099268798
43.4844422361996 -0.477408263165041 0.878385917202682
43.5416690747536 -0.426386716089639 0.90425325285923
43.5980872431058 -0.37471887154218 0.926857325219572
43.6538064610254 -0.32252014677398 0.946286788954325
43.7089314285556 -0.269892506279898 0.962618927069844
43.7635579166424 -0.216931480616206 0.97591862134847
43.8177728729908 -0.16372920507311 0.986239550680728
43.8716557100527 -0.110375852399728 0.993625771463917
43.9252797914546 -0.0569604238437174 0.998113132157769
43.9787138149141 -0.00357128621666434 0.999730404680949
44.0320230302153 0.0497033888818795 0.99850014383273
44.0852703088871 0.102775218943813 0.994439314166338
44.1385171030406 0.155555208009905 0.987559721516924
44.1918243332096 0.207953331056429 0.977868276649301
44.2452532429554 0.259878092597172 0.965367108038653
44.2988662562705 0.31123604693866 0.95005353107692
44.3527278741024 0.361931265755253 0.93191987176577
44.4069056493465 0.41186473546651 0.910953133437936
44.4614712860907 0.460933662198335 0.887134484208859
44.5165019197638 0.509030655405371 0.860438529357765
44.5720816518374 0.556042751654943 0.83083231479361
44.6283034387254 0.601850226213525 0.798273982351774
44.6852714742499 0.64632511965715 0.762710960401441
44.7431042665759 0.689329375984646 0.724077516669082
44.8019387078542 0.730712441247819 0.682291411451528
44.8619355931013 0.770308096261585 0.637249245482897
44.9222446557565 0.807315827851408 0.5896619520031
44.9818873604425 0.84102809765409 0.540491211594886
45.0405974199616 0.871292681631025 0.4902112660752
45.0983754560479 0.898146048340118 0.439079458811267
45.1553100453032 0.921675659655872 0.387259860406506
45.2115108584883 0.941972950753428 0.334876620712573
45.2670857392903 0.959119425489078 0.282036389520953
45.3221341895126 0.973184025236341 0.228837685569105
45.3767466301715 0.98422392771494 0.175374893533348
45.431005478995 0.992286109726805 0.121740085603154
45.4849866384495 0.997408845313249 0.068023971988766
45.5387609394869 0.99962293259394 0.014316506009748
45.5923954274642 0.998952636115738 -0.0392926450118811
45.6459544913288 0.995416380532391 -0.0927136765995818
45.69950087056 0.989027234964011 -0.145856233720167
45.7530965806082 0.979793218636987 -0.198628987211733
45.806803796321 0.967717447628577 -0.250939186073025
45.8606857309768 0.952798132274801 -0.302692172580617
45.9148075484387 0.935028425110444 -0.353790845745107
45.9692373485403 0.914396109383795 -0.404135055581966
46.0240472718336 0.890883107194855 -0.453620906072265
46.0793147802614 0.864464772800824 -0.502139938089108
46.1351241868278 0.835108918757747 -0.549578154129501
46.1915685326733 0.802774497549476 -0.595814833043142
46.2487519487556 0.767409824812388 -0.640721062862132
46.3067926993961 0.728950174950741 -0.684157889633877
46.3658271998695 0.6873144933964 -0.725973933604893
46.4260154543021 0.64240082973823 -0.766002250240083
46.4867125440271 0.594751924630239 -0.80355914064959
46.5467984499683 0.545424777026589 -0.837823294434849
46.6059531127051 0.494938231884499 -0.868603009473416
46.6641597437422 0.443569897459905 -0.895924010495678
46.7215032381304 0.391493349883319 -0.919872895538267
46.7780942929768 0.338837669988143 -0.940543123439655
46.8340431073722 0.285712524327838 -0.9580187220826
46.8894516873425 0.232218644311888 -0.972370935105223
46.9444127469454 0.17845227966972 -0.983658863065549
46.999010716104 0.124507208056636 -0.99193104135658
47.0533232522855 0.0704757654510118 -0.997226994289678
47.1074227311679 0.0164494882617396 -0.999578517812335
47.1613775798308 -0.0374803954667565 -0.999010667490379
47.2152534475286 -0.0912225289029492 -0.995542486793326
47.2691142481588 -0.144685001181082 -0.989187516598074
47.3230231164559 -0.197774912387511 -0.979954118241865
47.3770433190225 -0.250397913946518 -0.96784563127044
47.4312391594108 -0.302457710787345 -0.952860376265779
47.4856769163037 -0.353855510247851 -0.934991502976258
47.5404258564923 -0.404489399538359 -0.914226673690771
47.5955593705564 -0.454253628800452 -0.890547560318575
47.6511562900013 -0.503037769904295 -0.863929119545703
47.7073024618154 -0.550725711254494 -0.834338591778249
47.7640926829068 -0.597194434565021 -0.801734143427819
47.821633137538 -0.642312498456472 -0.766063033810802
47.8800445440066 -0.685938121915068 -0.727259129837218
47.939466316874 -0.727916711473782 -0.685239500501423
48.0000622140218 -0.768077597694384 -0.63989967517798
48.0610992767242 -0.805680197241949 -0.591855603699579
48.121495168743 -0.839934687789418 -0.542145966799028
48.1809465468716 -0.870662665457012 -0.491282009488755
48.2394440500369 -0.897895360401957 -0.439538891916334
48.2970761243987 -0.921721715610309 -0.387090011406664
48.3539554205727 -0.942236248942429 -0.334065230685807
48.4101934254666 -0.959523496444645 -0.280575399408296
48.4658931499686 -0.973654946733451 -0.226722603380035
48.5211481927615 -0.984689796615789 -0.172604527977461
48.5760438229281 -0.992676575739096 -0.118316436073511
48.63065853112 -0.997654719877145 -0.0639521910695421
48.6850655456242 -0.999655860610658 -0.00960490203130784
48.7393341856744 -0.998704813843376 0.044632577208184
48.7935310510172 -0.994820304330302 0.0986672001686646
48.8477210839407 -0.988015467769118 0.152405289484861
48.9019685472375 -0.978298162713798 0.205752086544636
48.9563379605404 -0.965671112942381 0.258611273711615
49.0108950357318 -0.950131889754855 0.310884454780717
49.0657076523464 -0.931672733057306 0.36247057759527
49.120846917143 -0.910280199198656 0.413265279245497
49.1763883591635 -0.885934611185397 0.463160128954436
49.2324133238408 -0.85860927154486 0.512041736107497
49.289010649061 -0.828269377540301 0.559790679883794
49.3462787358797 -0.794870549335147 0.606280200932823
49.4043281724977 -0.758356838732155 0.651374571783281
49.4632851417755 -0.718658020355096 0.694927026626258
49.5232959569906 -0.675685863050874 0.73677707497135
49.5845332585641 -0.629328908678538 0.776746933517494
49.6458631272963 -0.580537420936018 0.813858587307856
49.7064318018842 -0.530208355467357 0.847506623902935
49.7660272119103 -0.47878920048373 0.877580896550653
49.8246736163478 -0.426528364915495 0.904134889469854
49.8824706379031 -0.373588746794921 0.927263104193474
49.9395338720012 -0.320096588798539 0.947060033944302
49.9959749902304 -0.266161991679119 0.963608574052683
50.0518964542772 -0.211887502894167 0.976978281394914
50.1073912916896 -0.157371808083484 0.987226519676061
50.1625444051469 -0.102711444097296 0.994400159172057
50.2174341801724 -0.0480017225051331 0.998537128361388
50.27213400467 0.00666265772577429 0.999667657892757
50.3267136147487 0.0611871157248809 0.997815221272263
50.3812402803218 0.115476732779815 0.992997214330513
50.4357798714306 0.169435798916686 0.985225414501029
50.4903978504662 0.22296734182843 0.974506250069329
50.5451602338801 0.275972622751059 0.960840897440592
50.6001345656675 0.328350583932014 0.94422521298979
50.6553909460482 0.379997229935799 0.924649494922495
50.7110031633613 0.430804920782027 0.902098058801395
50.7670499862399 0.480661548614632 0.876548596619892
50.8236166881229 0.529449560540948 0.847971271693866
50.8807968996386 0.577044777181911 0.81632747754046
50.9386949205808 0.62331493724899 0.781568154207244
50.997428679289 0.668117869664149 0.743631503496078
51.0571336156807 0.71129915054626 0.702439863762184
51.1179679071414 0.752689032643267 0.657895375195176
51.1799252580673 0.791979729973966 0.610027856942469
51.2414427583086 0.82798486384979 0.560183677874574
51.3020301981015 0.860384494848673 0.509020714618867
51.3616160205395 0.889169580122785 0.45688070225806
51.42027412422 0.914424251680493 0.403967599484423
51.4781191319883 0.936248876842318 0.350426372780925
51.535269273211 0.954735932436313 0.296376473438231
51.5918349356525 0.969964301758808 0.241925848768439
51.6479164464158 0.981999422127728 0.187176854868465
51.7036048850755 0.990894931935884 0.132228869046402
51.7589836927931 0.996694421765549 0.0771795769182849
51.814130329038 0.999432909168437 0.0221257339510634
51.8691177676406 0.999137981628818 -0.0328362772097176
51.9240158093111 0.995830641266179 -0.0876099633860898
51.9788922446345 0.989525898066023 -0.142098255969168
52.0338139145108 0.980233150093119 -0.196203037148229
52.0888477149693 0.967956376403151 -0.249824639589278
52.1440615911878 0.952694155820845 -0.302861303959463
52.1995255651874 0.934439512910953 -0.355208577305024
52.2553128445037 0.913179580562909 -0.40675863177656
52.3115010661089 0.888895055380844 -0.457399477699595
52.3681737422465 0.861559405844847 -0.507014037010954
52.4254219947025 0.831137771655547 -0.555479031577469
52.4833466948751 0.797585462288805 -0.60266362412876
52.5420611747254 0.760845917972531 -0.648427724590112
52.6016947484586 0.720847927675163 -0.69261983667785
52.6623974044778 0.677501789894201 -0.735074260417022
52.7243462244016 0.630693923283799 -0.775607370932848
52.7864746317573 0.581320452533174 -0.813269273364544
