0 0.991247102315008 0.050805510110232 -0.000523756925498109
0.05 0.99245412217591 -0.00268415940961064 0.0490799234047701
0.1 0.9909654051479 -0.0569705886875852 0.0986769409212325
0.15 0.986749138362749 -0.111732531936521 0.148131353331802
0.2 0.979789574725463 -0.166649255302216 0.197306234608813
0.25 0.970086910315668 -0.221404400696439 0.246064466601203
0.3 0.957656971633513 -0.275689716287634 0.294269288460669
0.35 0.942530721114718 -0.329208583939588 0.341785080107854
0.4 0.924753592722878 -0.381679278233496 0.388478113604322
0.45 0.904384672554572 -0.432837897583687 0.434217264798374
0.5 0.881495742191161 -0.482440915223426 0.478874678379826
0.55 0.856170204934913 -0.530267306319377 0.522326380376716
0.6 0.828501917020625 -0.576120216963793 0.564452833135187
0.65 0.798593947352596 -0.619828151058052 0.605139428919409
0.7 0.766557290248067 -0.661245661885684 0.644276919426428
0.75 0.732509556052953 -0.700253546210481 0.681761779704861
0.8 0.696573664327755 -0.73675854975315 0.717496506169105
0.85 0.658876563588957 -0.770692603627937 0.751389849585111
0.9 0.619548000354867 -0.802011621497432 0.783356985043064
0.95 0.578719358518647 -0.83069389658468 0.813319622001258
1 0.536522587900564 -0.856738146044543 0.841206058460463
1.05 0.493089238272242 -0.880161257346994 0.866951184188376
1.1 0.44854961226258 -0.900995797102887 0.890496438641039
1.15 0.40303204742002 -0.919287347043174 0.911789729807996
1.2 0.356662334396152 -0.935091734560813 0.930785320629213
1.25 0.309563274811542 -0.948472226296051 0.947443689887623
1.3 0.261854378947879 -0.959496752687448 0.961731374568366
1.35 0.213651700061672 -0.968235229259672 0.973620800595579
1.4 0.16506779891179 -0.974757036750474 0.983090108614952
1.45 0.116211829109307 -0.979128717104341 0.990122981094027
1.5 0.0671897312002363 -0.981411936022622 0.994708476474854
1.55 0.0181045210388522 -0.981661755330457 0.996840875450554
1.6 -0.0309433439488631 -0.979925250093651 0.996519543667003
1.65 -0.0798555385358445 -0.976240496405544 0.993748814293749
1.7 -0.128535402483397 -0.970635946288713 0.988537892986691
1.75 -0.176887451914283 -0.963130196449351 0.980900786802557
1.8 -0.224816888927997 -0.953732147914708 0.970856257645802
1.85 -0.272229128729836 -0.942441544102642 0.958427799856321
1.9 -0.319029362694612 -0.929249865834234 0.94364364060492
1.95 -0.365122174498502 -0.914141553408065 0.926536760875171
2 -0.410411224765569 -0.897095518292131 0.907144933995967
2.05 -0.454799017634585 -0.878086900417945 0.885510777967487
2.1 -0.498186760309945 -0.857089021617213 0.861681817210717
2.15 -0.540474324076955 -0.83407548153271 0.835710548880491
2.2 -0.58156031250035 -0.809022339440072 0.807654508524667
2.25 -0.621342239652719 -0.781910323883805 0.777576329654494
2.3 -0.659716818304997 -0.75272701187546 0.745543791717244
2.35 -0.696580355123238 -0.721468920610109 0.71162985103182
2.4 -0.731829247121456 -0.688143457184564 0.675912649458285
2.45 -0.765360570983855 -0.652770675574126 0.638475495916522
2.5 -0.797072754451059 -0.615384795044435 0.599406816337948
2.55 -0.826866316818352 -0.576035440117545 0.55880006821503
2.6 -0.854644663767114 -0.534788569032052 0.516753616591283
2.65 -0.880314920283379 -0.49172706517352 0.473370569092424
2.7 -0.903788784341314 -0.446950974027083 0.428758568418563
2.75 -0.924983383366621 -0.400577376632367 0.383029541577612
2.8 -0.943822115258326 -0.352739899108932 0.336299406020551
2.85 -0.960235455940211 -0.303587866373564 0.288687733718501
2.9 -0.974161716028674 -0.253285116496191 0.240317375078645
2.95 -0.985547730226052 -0.202008500052657 0.191314045410296
3 -0.994349464452168 -0.149946096153517 0.141805877404622
3.05 -1.00053252747848 -0.0972951833960655 0.0919229437636533
3.1 -1.00407257588736 -0.0442600096563635 0.0417967546903941
3.15 -1.00495560349543 0.00895059071584218 -0.00844025731298714
3.2 -1.00317810890108 0.0621256802163586 -0.0586548179551232
3.25 -0.998747137483229 0.115054747620239 -0.108713944884233
3.3 -0.991680196930545 0.167530228067863 -0.158485461291882
3.35 -0.982005048153108 0.219349958556607 -0.207838283010009
3.4 -0.969759376159102 0.27031951507956 -0.256642934869216
3.45 -0.954990348103786 0.320254380381194 -0.304772045309883
3.5 -0.937754068176579 0.368981895208628 -0.352100814211627
3.55 -0.918114941227424 0.416342950940061 -0.398507449411518
3.6 -0.8961449589937 0.462193387458737 -0.443873567991541
3.65 -0.8719229244278 0.50640506697924 -0.488084559116743
3.69999999999999 -0.845533630904289 0.548866602071403 -0.531029905980665
3.74999999999999 -0.817067013973344 0.589483724198103 -0.572603465245555
3.79999999999999 -0.786617293801906 0.628179287506495 -0.612703703231771
3.84999999999999 -0.754282126492539 0.664892911198883 -0.651233888992842
3.89999999999999 -0.720161782089328 0.699580272365515 -0.688102245288706
3.94999999999999 -0.684358366276348 0.732212069492645 -0.723222059318449
3.99999999999999 -0.646975101563609 0.762772684773976 -0.756511755874685
4.04999999999999 -0.608115682163238 0.791258580668442 -0.787894936314764
4.09999999999999 -0.56788371481937 0.817676472690045 -0.817300387391158
4.14999999999999 -0.526382255611424 0.842041326029271 -0.844662064527939
4.19999999999999 -0.483713450252085 0.864374228152558 -0.869919054558474
4.24999999999999 -0.439978282704749 0.884700192890389 -0.893015523239477
4.29999999999999 -0.395276434111935 0.903045953615105 -0.913900653020096
4.34999999999999 -0.349706251121608 0.919437803862582 -0.932528576566248
4.39999999999999 -0.303364819790406 0.93389954313316 -0.948858311417887
4.44999999999999 -0.256348138400111 0.946450583612475 -0.962853700891782
4.49999999999999 -0.208751379814782 0.957104270209086 -0.97448336593933
4.54999999999999 -0.160669231496765 0.965866461671191 -0.983720672136312
4.59999999999999 -0.112196299052789 0.972734414707812 -0.99054371533056
4.64999999999999 -0.0634275572539346 0.97769600611834 -0.994935328718762
4.69999999999999 -0.014458830915969 0.980729320073306 -0.996883113282221
4.74999999999999 0.0346127131176147 0.98180261905793 -0.996379492602741
4.79999999999999 0.0836880823448355 0.980874707779211 -0.99342179212544
4.84999999999999 0.132666003008286 0.97789568975491 -0.988012341957953
4.89999999999999 0.18144251195631 0.972808106569574 -0.980158601319038
4.94999999999999 0.229910614643661 0.965548440127624 -0.969873301798206
4.99999999999999 0.277960026734099 0.95604894888802 -0.957174605685469
5.04999999999999 0.325477015093715 0.944239800257868 -0.942086274800008
5.09999999999999 0.372344351867836 0.930051453274086 -0.924637844510046
5.14999999999999 0.418441392859309 0.913417238619148 -0.904864797013566
5.19999999999999 0.463644288624832 0.894276077086036 -0.882808727457978
5.24999999999999 0.507826333640571 0.872575272991046 -0.858517496131075
5.29999999999999 0.550858455627739 0.848273315864044 -0.832045359766829
5.34999999999999 0.592609843748132 0.821342622123713 -0.803453074985278
5.39999999999999 0.632948710957909 0.791772148433046 -0.77280796702983
5.44999999999999 0.671743182426387 0.759569810051537 -0.740183957277294
5.49999999999999 0.708862298666735 0.72476464073804 -0.705661543471603
5.54999999999999 0.744177118966743 0.68740863555415 -0.66932772726309
5.59999999999999 0.777561907925867 0.647578224173538 -0.631275884409044
5.64999999999999 0.808895385469363 0.605375329881172 -0.59160557389236
5.69999999999999 0.83806201868327 0.56092797817507 -0.550422283224216
5.74999999999999 0.864953332248106 0.514390428558267 -0.507837108292077
5.79999999999999 0.889469213185778 0.465942813499559 -0.463966367271712
5.84999999999999 0.911519185103135 0.415790279397125 -0.418931149315552
5.89999999999999 0.931023627133437 0.364161635434497 -0.37285679993257
5.94999999999999 0.947914913346908 0.311307527201329 -0.325872346159877
5.99999999999999 0.962138449513147 0.257498162590699 -0.27810986576613
6.04999999999999 0.973653585727617 0.2030206275167 -0.229703805795856
6.09999999999999 0.982434385525093 0.148175838172572 -0.18079025673736
6.14999999999999 0.98847023464626 0.0932751846446788 -0.131506189452913
6.19999999999999 0.99176627554055 0.0386369275136939 -0.0819886710292886
6.24999999999999 0.992343656910495 -0.0154175855517763 -0.0323745265571745
