0.75000000 125.2277502614620000 
1.00000000 119.9757001957130000 
1.25000000 114.9439210350590000 
1.50000000 110.1231746208730000 
1.75000000 105.5046102427660000 
2.00000000 101.0797483890200000 
2.25000000 96.8404651785176000 
2.50000000 92.7789774455985000 
2.75000000 88.8878284504606000 
3.00000000 85.1598741888628000 
3.25000000 81.5882702760005000 
3.50000000 78.1664593804703000 
3.75000000 74.8881591852548000 
4.00000000 71.7473508536228000 
4.25000000 68.7382679787702000 
4.50000000 65.8553859969124000 
4.75000000 63.0934120443911000 
5.00000000 60.4472752401748000 
5.25000000 57.9121173759102000 
5.50000000 55.4832839964336000 
5.75000000 53.1563158543643000 
6.00000000 50.9269407230936000 
6.25000000 48.7910655531359000 
6.50000000 46.7447689574431000 
6.75000000 44.7842940118838000 
7.00000000 42.9060413576714000 
7.25000000 41.1065625930758000 
7.50000000 39.3825539422863000 
7.75000000 37.7308501898026000 
8.00000000 36.1484188692178000 
8.25000000 34.6323546957227000 
8.50000000 33.1798742321119000 
8.75000000 31.7883107784967000 
9.00000000 30.4551094763439000 
9.25000000 29.1778226178508000 
9.50000000 27.9541051520452000 
9.75000000 26.7817103793593000 
10.00000000 25.6584858267733000 
10.25000000 24.5823692959552000 
10.50000000 23.5513850771417000 
10.75000000 22.5636403218090000 
11.00000000 21.6173215674732000 
11.25000000 20.7106914082417000 
11.50000000 19.8420853049997000 
11.75000000 19.0099085293798000 
12.00000000 18.2126332358993000 
12.25000000 17.4487956568935000 
12.50000000 16.7169934150925000 
12.75000000 16.0158829489096000 
13.00000000 15.3441770457114000 
13.25000000 14.7006424785445000 
13.50000000 14.0840977419763000 
13.75000000 13.4934108828950000 
14.00000000 12.9274974222864000 
14.25000000 12.3853183641709000 
14.50000000 11.8658782880452000 
14.75000000 11.3682235213279000 
15.00000000 10.8914403884522000 
15.25000000 10.4346535333914000 
15.50000000 9.9970243125382900 
15.75000000 9.5777492549864700 
