     1.000 0.999999999796444 1
     2.000 0.999999999796444 1
     3.000 1.99999999959289 2
     4.000 5.99999999877867 6
     5.000 23.9999999951147 24
     6.000 119.999999975573 120
     7.000 719.99999985344 720
     8.000 5039.99999897408 5040
     9.000 40319.9999917926 40320
    10.000 362879.999926134 362880
    11.000 3628799.99926134 3628800
    12.000 39916799.9918747 39916800
    13.000 479001599.902496 479001600
    14.000 6227020798.73245 6227020800
    15.000 87178291182.2543 87178291200
    16.000 1307674367733.82 1307674368000
    17.000 20922789883741 20922789888000
    18.000 355687428023598 355687428096000
    19.000 6.40237370442476e+15 6.402373705728e+15
    20.000 1.2164510038407e+17 1.21645100408832e+17
    21.000 2.43290200778853e+18 2.43290200817664e+18
    22.000 5.10909421652498e+19 5.10909421717094e+19
    23.000 1.1240007276638e+21 1.12400072777761e+21
    24.000 2.5852016736769e+22 2.5852016738885e+22
    25.000 6.20448401691821e+23 6.20448401733239e+23
    26.000 1.55112100424798e+25 1.5511210043331e+25
    27.000 4.03291461108283e+26 4.03291461126606e+26
    28.000 1.08888694500057e+28 1.08888694504184e+28
    29.000 3.04888344602023e+29 3.04888344611714e+29
    30.000 8.8417619935024e+30 8.8417619937397e+30
    31.000 2.65252859806147e+32 2.65252859812191e+32
    32.000 8.22283865401816e+33 8.22283865417792e+33
    33.000 2.63130836929309e+35 2.63130836933694e+35
    34.000 8.68331761868736e+36 8.68331761881189e+36
    35.000 2.95232799035938e+38 2.95232799039604e+38
    36.000 1.03331479662747e+40 1.03331479663861e+40
    37.000 3.71993326786401e+41 3.71993326789901e+41
    38.000 1.37637530911131e+43 1.37637530912263e+43
    39.000 5.23022617462816e+44 5.23022617466601e+44
    40.000 2.03978820810673e+46 2.03978820811974e+46
    41.000 8.15915283243303e+47 8.15915283247898e+47
    42.000 3.34525266129966e+49 3.34525266131638e+49
    43.000 1.40500611774663e+51 1.40500611775288e+51
    44.000 6.04152630631346e+52 6.04152630633738e+52
    45.000 2.65827157477909e+54 2.65827157478845e+54
    46.000 1.196222208651e+56 1.1962222086548e+56
    47.000 5.50262215979651e+57 5.50262215981209e+57
    48.000 2.5862324151051e+59 2.58623241511168e+59
    49.000 1.24139155925074e+61 1.24139155925361e+61
    50.000 6.08281864032994e+62 6.08281864034268e+62
    51.000 3.0414093201656e+64 3.04140932017134e+64
    52.000 1.55111875328472e+66 1.55111875328738e+66
    53.000 8.06581751708166e+67 8.06581751709439e+67
    54.000 4.27488328405405e+69 4.27488328406003e+69
    55.000 2.30843697338944e+71 2.30843697339241e+71
    56.000 1.26964033536435e+73 1.26964033536583e+73
    57.000 7.10998587804107e+74 7.10998587804863e+74
    58.000 4.05269195048355e+76 4.05269195048772e+76
    59.000 2.35056133128083e+78 2.35056133128288e+78
    60.000 1.38683118545578e+80 1.3868311854569e+80
    61.000 8.32098711273459e+81 8.32098711274139e+81
    62.000 5.07580213876876e+83 5.07580213877225e+83
    63.000 3.14699732603678e+85 3.14699732603879e+85
    64.000 1.98260831540318e+87 1.98260831540444e+87
    65.000 1.26886932185812e+89 1.26886932185884e+89
    66.000 8.2476505920781e+90 8.24765059208247e+90
    67.000 5.44344939077198e+92 5.44344939077443e+92
    68.000 3.64711109181729e+94 3.64711109181887e+94
    69.000 2.48003554243577e+96 2.48003554243683e+96
    70.000 1.71122452428069e+98 1.71122452428141e+98
    71.000 1.19785716699658e+100 1.19785716699699e+100
    72.000 8.50478588567569e+101 8.50478588567862e+101
    73.000 6.12344583768667e+103 6.12344583768861e+103
    74.000 4.47011546151125e+105 4.47011546151268e+105
    75.000 3.30788544151852e+107 3.30788544151939e+107
    76.000 2.4809140811389e+109 2.48091408113954e+109
    77.000 1.88549470166564e+111 1.88549470166605e+111
    78.000 1.45183092028247e+113 1.45183092028286e+113
    79.000 1.13242811782035e+115 1.13242811782063e+115
    80.000 8.94618213078135e+116 8.94618213078297e+116
    81.000 7.15694570462505e+118 7.15694570462638e+118
    82.000 5.79712602074657e+120 5.79712602074737e+120
    83.000 4.75364333701203e+122 4.75364333701284e+122
    84.000 3.9455239697202e+124 3.94552396972066e+124
    85.000 3.31424013456472e+126 3.31424013456535e+126
    86.000 2.81710411438015e+128 2.81710411438055e+128
    87.000 2.42270953836705e+130 2.42270953836727e+130
    88.000 2.10775729837918e+132 2.10775729837953e+132
    89.000 1.85482642257373e+134 1.85482642257398e+134
    90.000 1.65079551609064e+136 1.65079551609085e+136
    91.000 1.48571596448155e+138 1.48571596448176e+138
    92.000 1.35200152767829e+140 1.3520015276784e+140
    93.000 1.24384140546404e+142 1.24384140546413e+142
    94.000 1.15677250708158e+144 1.15677250708164e+144
    95.000 1.08736615665666e+146 1.08736615665674e+146
    96.000 1.03299784882379e+148 1.03299784882391e+148
    97.000 9.9167793487079e+149 9.91677934870949e+149
    98.000 9.61927596824838e+151 9.61927596824821e+151
    99.000 9.42689044888253e+153 9.42689044888324e+153
   100.000 9.33262154439334e+155 9.33262154439441e+155
