0 1 0 0
0.0634665182543393 0.997986676471884 -0.0634239196565645 0.0634239196565645
0.126933036508679 0.991954812830795 -0.126592453573749 0.126592453573749
0.190399554763018 0.981928697262707 -0.18925124436041 0.18925124436041
0.253866073017357 0.967948701396356 -0.251147987181079 0.251147987181079
0.317332591271696 0.950071117740945 -0.312033445698487 0.312033445698487
0.380799109526036 0.928367933016073 -0.371662455660328 0.371662455660328
0.444265627780375 0.902926538286621 -0.429794912089172 0.429794912089172
0.507732146034714 0.873849377069785 -0.486196736100469 0.486196736100469
0.571198664289053 0.841253532831181 -0.540640817455598 0.540640817455598
0.634665182543393 0.805270257531059 -0.59290792905464 0.59290792905464
0.698131700797732 0.766044443118978 -0.642787609686539 0.642787609686539
0.761598219052071 0.72373403810507 -0.690079011482112 0.690079011482112
0.82506473730641 0.678509411557132 -0.734591708657533 0.734591708657533
0.88853125556075 0.630552667084523 -0.776146464291757 0.776146464291757
0.951997773815089 0.580056909571198 -0.814575952050336 0.814575952050336
1.01546429206943 0.527225467610502 -0.849725429949514 0.849725429949514
1.07893081032377 0.472271074772683 -0.881453363447582 0.881453363447582
1.14239732857811 0.415415013001886 -0.909631995354518 0.909631995354518
1.20586384683245 0.356886221591872 -0.934147860265107 0.934147860265107
1.26933036508679 0.296920375328275 -0.954902241444074 0.954902241444074
1.33279688334112 0.235758935509427 -0.971811568323542 0.971811568323542
1.39626340159546 0.173648177666931 -0.984807753012208 0.984807753012208
1.4597299198498 0.110838199901011 -0.993838464461254 0.993838464461254
1.52319643810414 0.0475819158237424 -0.998867339183008 0.998867339183008
1.58666295635848 -0.015865963834808 -0.999874127673875 0.999874127673875
1.65012947461282 -0.0792499568567885 -0.996854775951942 0.996854775951942
1.71359599286716 -0.142314838273285 -0.989821441880933 0.989821441880933
1.7770625111215 -0.204806668065191 -0.978802446214779 0.978802446214779
1.84052902937584 -0.266473813690035 -0.963842158559942 0.963842158559942
1.90399554763018 -0.327067963317421 -0.945000818714669 0.945000818714669
1.96746206588452 -0.386345125693128 -0.922354294104581 0.922354294104581
2.03092858413886 -0.444066612605774 -0.895993774291336 0.895993774291336
2.0943951023932 -0.5 -0.866025403784439 0.866025403784439
2.15786162064753 -0.55392006386611 -0.832569854634771 0.832569854634771
2.22132813890187 -0.605609687137666 -0.795761840530832 0.795761840530832
2.28479465715621 -0.654860733945285 -0.755749574354258 0.755749574354258
2.34826117541055 -0.701474887706321 -0.712694171378863 0.712694171378863
2.41172769366489 -0.745264449675755 -0.666769000516292 0.666769000516292
2.47519421191923 -0.786053094742787 -0.618158986220605 0.618158986220605
2.53866073017357 -0.823676581429833 -0.567059863862771 0.567059863862771
2.60212724842791 -0.857983413234977 -0.513677391573407 0.513677391573407
2.66559376668225 -0.888835448654923 -0.458226521727411 0.458226521727411
2.72906028493659 -0.916108457432069 -0.400930535406614 0.400930535406614
2.79252680319093 -0.939692620785908 -0.342020143325669 0.342020143325669
2.85599332144527 -0.959492973614497 -0.28173255684143 0.28173255684143
2.91945983969961 -0.975429786885407 -0.220310532786541 0.220310532786541
2.98292635795395 -0.987438888676394 -0.15800139597335 0.15800139597335
3.04639287620828 -0.995471922573085 -0.0950560433041829 0.0950560433041829
3.10985939446262 -0.999496542383185 -0.0317279334980681 0.0317279334980681
3.17332591271696 -0.999496542383185 0.0317279334980679 -0.0317279334980679
3.2367924309713 -0.995471922573085 0.0950560433041826 -0.0950560433041826
3.30025894922564 -0.987438888676394 0.15800139597335 -0.15800139597335
3.36372546747998 -0.975429786885407 0.220310532786541 -0.220310532786541
3.42719198573432 -0.959492973614497 0.281732556841429 -0.281732556841429
3.49065850398866 -0.939692620785908 0.342020143325669 -0.342020143325669
3.554125022243 -0.91610845743207 0.400930535406613 -0.400930535406613
3.61759154049734 -0.888835448654924 0.45822652172741 -0.45822652172741
3.68105805875168 -0.857983413234977 0.513677391573406 -0.513677391573406
3.74452457700602 -0.823676581429833 0.567059863862771 -0.567059863862771
3.80799109526036 -0.786053094742788 0.618158986220605 -0.618158986220605
3.87145761351469 -0.745264449675755 0.666769000516292 -0.666769000516292
3.93492413176903 -0.701474887706322 0.712694171378863 -0.712694171378863
3.99839065002337 -0.654860733945285 0.755749574354258 -0.755749574354258
4.06185716827771 -0.605609687137667 0.795761840530832 -0.795761840530832
4.12532368653205 -0.55392006386611 0.832569854634771 -0.832569854634771
4.18879020478639 -0.5 0.866025403784438 -0.866025403784438
4.25225672304073 -0.444066612605774 0.895993774291336 -0.895993774291336
4.31572324129507 -0.386345125693129 0.922354294104581 -0.922354294104581
4.37918975954941 -0.327067963317422 0.945000818714668 -0.945000818714668
4.44265627780375 -0.266473813690035 0.963842158559942 -0.963842158559942
4.50612279605809 -0.204806668065191 0.978802446214779 -0.978802446214779
4.56958931431243 -0.142314838273285 0.989821441880933 -0.989821441880933
4.63305583256677 -0.0792499568567888 0.996854775951942 -0.996854775951942
4.69652235082111 -0.0158659638348076 0.999874127673875 -0.999874127673875
4.75998886907544 0.0475819158237424 0.998867339183008 -0.998867339183008
4.82345538732978 0.110838199901011 0.993838464461254 -0.993838464461254
4.88692190558412 0.17364817766693 0.984807753012208 -0.984807753012208
4.95038842383846 0.235758935509427 0.971811568323542 -0.971811568323542
5.0138549420928 0.296920375328275 0.954902241444074 -0.954902241444074
5.07732146034714 0.356886221591872 0.934147860265107 -0.934147860265107
5.14078797860148 0.415415013001886 0.909631995354519 -0.909631995354519
5.20425449685582 0.472271074772682 0.881453363447582 -0.881453363447582
5.26772101511016 0.527225467610502 0.849725429949514 -0.849725429949514
5.3311875333645 0.580056909571198 0.814575952050336 -0.814575952050336
5.39465405161884 0.630552667084522 0.776146464291757 -0.776146464291757
5.45812056987318 0.678509411557132 0.734591708657534 -0.734591708657534
5.52158708812751 0.72373403810507 0.690079011482113 -0.690079011482113
5.58505360638185 0.766044443118977 0.64278760968654 -0.64278760968654
5.64852012463619 0.805270257531059 0.59290792905464 -0.59290792905464
5.71198664289053 0.841253532831181 0.540640817455597 -0.540640817455597
5.77545316114487 0.873849377069785 0.486196736100469 -0.486196736100469
5.83891967939921 0.902926538286621 0.429794912089172 -0.429794912089172
5.90238619765355 0.928367933016072 0.371662455660328 -0.371662455660328
5.96585271590789 0.950071117740945 0.312033445698487 -0.312033445698487
6.02931923416223 0.967948701396356 0.251147987181079 -0.251147987181079
6.09278575241657 0.981928697262707 0.189251244360411 -0.189251244360411
6.15625227067091 0.991954812830795 0.12659245357375 -0.12659245357375
6.21971878892525 0.997986676471884 0.0634239196565654 -0.0634239196565654
6.28318530717959 1 -6.4325714893565E-16 6.4325714893565E-16
