----------(C)-----------
A = 
      4.65       4.42       1.81       7.88        2.4 
      6.55       1.24       6.12       6.37       7.24 
      2.16       9.98       2.11       4.89      0.338 
      6.68       3.98       3.79       4.69       5.08 
      8.58       1.32       1.18        6.4       3.14 
b =       2.33       8.14       3.77       4.28       1.88 
R = 
      13.7       6.44       6.46       12.8       8.78 
     0.953       9.84       1.19       3.69     -0.934 
     0.263       1.89       4.21      0.432       3.97 
     0.677    -0.0744      -2.68       3.47     0.0111 
     0.677     -0.361     -0.979     -0.247     -0.568 
x =      0.725     -0.979       4.81      0.878      -4.26 
