    -2.969   -0.9999731080
    -2.906   -0.9999604223
    -2.844   -0.9999421851
    -2.781   -0.9999161707
    -2.719   -0.9998793511
    -2.656   -0.9998276432
    -2.594   -0.9997555911
    -2.531   -0.9996559710
    -2.469   -0.9995193054
    -2.406   -0.9993332759
    -2.344   -0.9990820202
    -2.281   -0.9987453068
    -2.219   -0.9982975771
    -2.156   -0.9977068570
    -2.094   -0.9969335390
    -2.031   -0.9959290511
    -1.969   -0.9946344337
    -1.906   -0.9929788611
    -1.844   -0.9908781570
    -1.781   -0.9882333666
    -1.719   -0.9849294635
    -1.656   -0.9808342848
    -1.594   -0.9757977966
    -1.531   -0.9696518026
    -1.469   -0.9622102137
    -1.406   -0.9532699895
    -1.344   -0.9426128591
    -1.281   -0.9300079057
    -1.219   -0.9152150749
    -1.156   -0.8979896313
    -1.094   -0.8780875434
    -1.031   -0.8552717283
    -0.969   -0.8293190305
    -0.906   -0.8000277570
    -0.844   -0.7672255333
    -0.781   -0.7307772011
    -0.719   -0.6905924363
    -0.656   -0.6466327449
    -0.594   -0.5989174860
    -0.531   -0.5475285810
    -0.469   -0.4926136027
    -0.406   -0.4343869872
    -0.344   -0.3731291815
    -0.281   -0.3091836271
    -0.219   -0.2429515722
    -0.156   -0.1748848059
    -0.094   -0.1054765087
    -0.031   -0.0352505030
     0.031    0.0352505030
     0.094    0.1054765087
     0.156    0.1748848059
     0.219    0.2429515722
     0.281    0.3091836271
     0.344    0.3731291815
     0.406    0.4343869872
     0.469    0.4926136027
     0.531    0.5475285810
     0.594    0.5989174860
     0.656    0.6466327449
     0.719    0.6905924363
     0.781    0.7307772011
     0.844    0.7672255333
     0.906    0.8000277570
     0.969    0.8293190305
     1.031    0.8552717283
     1.094    0.8780875434
     1.156    0.8979896313
     1.219    0.9152150749
     1.281    0.9300079057
     1.344    0.9426128591
     1.406    0.9532699895
     1.469    0.9622102137
     1.531    0.9696518026
     1.594    0.9757977966
     1.656    0.9808342848
     1.719    0.9849294635
     1.781    0.9882333666
     1.844    0.9908781570
     1.906    0.9929788611
     1.969    0.9946344337
     2.031    0.9959290511
     2.094    0.9969335390
     2.156    0.9977068570
     2.219    0.9982975771
     2.281    0.9987453068
     2.344    0.9990820202
     2.406    0.9993332759
     2.469    0.9995193054
     2.531    0.9996559710
     2.594    0.9997555911
     2.656    0.9998276432
     2.719    0.9998793511
     2.781    0.9999161707
     2.844    0.9999421851
     2.906    0.9999604223
     2.969    0.9999731080
