    -3.969    1.3996844756
    -3.906    0.5188130902
    -3.844    0.3504030904
    -3.781    0.2853162542
    -3.719    0.2563514718
    -3.656    0.2457690371
    -3.594    0.2475150812
    -3.531    0.2598363875
    -3.469    0.2833990460
    -3.406    0.3211370259
    -3.344    0.3793032735
    -3.281    0.4705797770
    -3.219    0.6228968782
    -3.156    0.9096843735
    -3.094    1.6013806576
    -3.031    5.1355733087
    -2.969   -5.5549977624
    -2.906   -2.0266136335
    -2.844   -1.3468618788
    -2.781   -1.0788520862
    -2.719   -0.9533070357
    -2.656   -0.8985930419
    -2.594   -0.8895073230
    -2.531   -0.9175472432
    -2.469   -0.9830404408
    -2.406   -1.0938729944
    -2.344   -1.2682953207
    -2.281   -1.5440898934
    -2.219   -2.0049493268
    -2.156   -2.8711913038
    -2.094   -4.9542714094
    -2.031  -15.5672065921
    -1.969   16.4913996073
    -1.906    5.8898458723
    -1.844    3.8301384679
    -1.781    3.0005573647
    -1.719    2.5918035032
    -1.656    2.3868877675
    -1.594    2.3071596190
    -1.531    2.3225414594
    -1.469    2.4268810881
    -1.406    2.6321318928
    -1.344    2.9725671580
    -1.281    3.5224550694
    -1.219    4.4484813189
    -1.156    6.1910062487
    -1.094   10.3730057634
    -1.031   31.6208883901
    -0.969  -32.4674429768
    -0.906  -11.2275186940
    -0.844   -7.0618178002
    -0.781   -5.3447428059
    -0.719   -4.4546622712
    -0.656   -3.9532828650
    -0.594   -3.6770356428
    -0.531   -3.5563916098
    -0.469   -3.5644815982
    -0.406   -3.7014354742
    -0.344   -3.9943871185
    -0.281   -4.5131455576
    -0.219   -5.4215866074
    -0.156   -7.1583509751
    -0.094  -11.3454750537
    -0.031  -32.6090411523
     0.031   31.4528348390
     0.094   10.1749386418
     0.156    5.9584086674
     0.219    4.1755802464
     0.281    3.2017884535
     0.344    2.5943418366
     0.406    2.1832398764
     0.469    1.8893330111
     0.531    1.6708507212
     0.594    1.5037081362
     0.656    1.3730705490
     0.719    1.2693221667
     0.781    1.1859720503
     0.844    1.1184923208
     0.906    1.0636382680
     0.969    1.0190325184
     1.031    0.9829010887
     1.094    0.9539004977
     1.156    0.9310013543
     1.219    0.9134081789
     1.281    0.9005030025
     1.344    0.8918050063
     1.406    0.8869411998
     1.469    0.8856248490
     1.531    0.8876394457
     1.594    0.8928267059
     1.656    0.9010775478
     1.719    0.9123253073
     1.781    0.9265406643
     1.844    0.9437278957
     1.906    0.9639221804
     1.969    0.9871877522
     2.031    1.0136167477
     2.094    1.0433286693
     2.156    1.0764703159
     2.219    1.1132162180
     2.281    1.1537694720
     2.344    1.1983629773
     2.406    1.2472610622
     2.469    1.3007614969
     2.531    1.3591979012
     2.594    1.4229425625
     2.656    1.4924096885
     2.719    1.5680591220
     2.781    1.6504005583
     2.844    1.7399983077
     2.906    1.8374766564
     2.969    1.9435258871
     3.031    2.0589090189
     3.094    2.1844694014
     3.156    2.3211391186
     3.219    2.4699484838
     3.281    2.6320366080
     3.344    2.8086632280
     3.406    3.0012219309
     3.469    3.2112549455
     3.531    3.4404696873
     3.594    3.6907572715
     3.656    3.9642132350
     3.719    4.2631607378
     3.781    4.5901765527
     3.844    4.9481201874
     3.906    5.3401665326
     3.969    5.7698424772
     4.031    6.2410679634
     4.094    6.7582022106
     4.156    7.3260953432
     4.219    7.9501466822
     4.281    8.6363701201
     4.344    9.3914676685
     4.406   10.2229122021
     4.469   11.1390405922
     4.531   12.1491585833
     4.594   13.2636589446
     4.656   14.4941546405
     4.719   15.8536289938
     4.781   17.3566050899
     4.844   19.0193369703
     4.906   20.8600255181
     4.969   22.8990623315
     5.031   25.1593052274
     5.094   27.6663902995
     5.156   30.4490837703
     5.219   33.5396813153
     5.281   36.9744595765
     5.344   40.7941876851
     5.406   45.0447068904
     5.469   49.7775876465
     5.531   55.0508748304
     5.594   60.9299332767
     5.656   67.4884075447
     5.719   74.8093118147
     5.781   82.9862680862
     5.844   92.1249134500
     5.906  102.3445001983
     5.969  113.7797159596
