0.001 0.000999 0.000999000499833375
0.00439359794492659 0.00199600144121829 0.00437433658634229
0.0061423423153141 0.00380635895204182 0.00610472957960021
0.00813045446299926 0.00554283824405771 0.00806461817536502
0.010535629685504 0.00751188710415215 0.0104252128693261
0.0135051599149599 0.00988635925187217 0.0133239966436189
0.0171864122272376 0.012806137934859 0.0168935631824622
0.0217418548834012 0.0164072536460819 0.0212742483661275
0.027360160775011 0.0208349479500248 0.0266217302304416
0.0342671754563667 0.0262518957860321 0.0331128272238655
0.0427387207656064 0.0328449025484154 0.0409506055634759
0.0531162563025799 0.0408313230529893 0.0503685398146565
0.0658244021620387 0.0504651420123707 0.0616310758209646
0.0813830061090678 0.0620402894751597 0.0750221553774147
0.100388509002828 0.0758827854100293 0.0907999958172381
0.12340188752317 0.0923089865593725 0.10907595995097
0.150660395180761 0.111503328605396 0.129588995650711
0.181697754254522 0.13327666693499 0.151509277611979
0.21530360060559 0.156832349292229 0.173598563477407
0.250035306756695 0.180893367586441 0.194720817615714
0.284781217851315 0.204226030053248 0.214206394595706
0.318940753590234 0.226051856262278 0.231843970978091
0.352315759548969 0.246075213992256 0.247698444850985
0.384940316619957 0.264309215733013 0.261948516851193
0.41695393379197 0.280906046548734 0.274794023448988
0.44852931170339 0.296054489378673 0.286415834789749
0.479837755274509 0.30993244286435 0.296963810629012
0.51103560466999 0.322690404708397 0.306556984930346
0.542261028606386 0.334449262131406 0.315287985074091
0.573635361686401 0.345303552836367 0.323228199699103
0.60526608409601 0.355326138549945 0.330432395333518
0.637250105921478 0.364572656640195 0.336942436284879
0.669676805097102 0.373085223459763 0.342790135636341
0.702630644639691 0.380895325178899 0.347999384221722
0.73619336461197 0.388025999028922 0.352587720321135
0.770445813160034 0.394493448721256 0.356567482003801
0.805469502637316 0.400308229358239 0.359946654259225
0.841347977927729 0.405476113072392 0.362729494888392
0.878168077655851 0.409998720749679 0.36491699985576
0.91602116128447 0.413873982522255 0.36650725077397
0.955004369112959 0.417096471504624 0.367495673702204
0.99522197934257 0.419657641248973 0.367875228522951
1.03678692750159 0.421545986867922 0.367636540899459
1.07982255935969 0.422747141888131 0.366767983421304
1.12446469996543 0.423243916894268 0.365255708372494
1.17086414006933 0.42301628124016 0.363083631073392
1.21918966921849 0.422041284972071 0.360233359495983
1.26963182576673 0.420292914111953 0.356684062401011
1.32240759345191 0.417741868075849 0.35241226413907
1.37776636068963 0.414355242688693 0.347391548948053
1.43599758600008 0.410096095298055 0.341592150338704
1.49744080299323 0.404922858930074 0.334980390958487
1.56249888693795 0.39878855889739 0.327517923660679
1.63165595159951 0.391639765733197 0.31916070320255
1.70550194975 0.383415189793468 0.30985758705305
1.78476718283935 0.374043781084928 0.29954841974488
1.87037176810258 0.363442137521611 0.288161396723834
1.9634981109562 0.351510942142331 0.275609442725428
2.06569913681369 0.338130055133203 0.261785345591866
2.1790613109512 0.323151854798257 0.246555756547163
2.30644378059647 0.306392793629278 0.229756108337297
2.4517781799082 0.287625328462059 0.211196852353476
2.62016459695095 0.266582173452391 0.19072408854997
2.81648049901718 0.243023919703805 0.168470866453539
3.04022767120916 0.217035290736268 0.145395848472343
3.2822190681458 0.189682495692001 0.123230421656227
3.53199045815942 0.163001451094157 0.103298866381155
3.78395888006367 0.138615961711991 0.0860189123616246
4.03707372814542 0.117105206196082 0.0712504871019086
4.29284268352452 0.0983805024367803 0.0586660819258456
4.55399762633395 0.0821114476137247 0.04793102982984
4.82389498906858 0.067940106036707 0.0387620618404693
5.10636231057871 0.0555541959007568 0.0309347529396158
5.40579406114221 0.0446984738470138 0.024274649381542
5.72741579485213 0.0351640031113123 0.0186454829832393
6.07771561754789 0.0267700596492709 0.01393869194127
6.46509763053685 0.0193412103773123 0.0100651177899866
6.90081934703599 0.0126744374615731 0.00694884933421226
7.39991533056747 0.00648089163149119 0.00452360167250682
7.97883920095541 0.000264302214478758 0.00273384492389781
8.06209863263216 -4.52311167578427E-12 0.00254169338330299
