0.50000 1.7724538785 72 1.7724531443 172
1.00000 0.9999997782 64 0.9999976987 148
1.50000 0.8862269392 72 0.8862265722 172
2.00000 0.9999999850 72 0.9999993526 200
2.50000 1.3293404088 72 1.3293398582 172
3.00000 1.9999999701 72 1.9999987052 200
3.50000 3.3233510221 72 3.3233496456 172
4.00000 5.9999999102 72 5.9999961156 200
4.50000 11.6317285774 72 11.6317237597 172
5.00000 23.9999996410 72 23.9999844622 200
5.50000 52.3427785982 72 52.3427569186 172
6.00000 119.9999982049 72 119.9999223111 200
6.50000 287.8852822903 72 287.8851630521 172
7.00000 719.9999892294 72 719.9995338664 200
7.50000 1871.2543348868 72 1871.2535598384 172
8.00000 5039.9999246058 72 5039.9967370647 200
8.50000 14034.4075116507 72 14034.4016987882 172
