      10   0.45840735   0.12079011 
      20   0.05840735   0.11388201 
      30  -0.47492599   0.10958301 
      40  -0.14159265   0.08717275 
      50  -0.26159265   0.08084820 
      60   0.12507401   0.06360300 
      70   0.34412163   0.05093886 
      80  -0.24159265   0.06356243 
      90   0.14729624   0.05131239 
     100  -0.38159265   0.05888647 
     110  -0.01431993   0.05013903 
     120   0.09174068   0.04574968 
     130  -0.03390035   0.04648949 
     140   0.17269306   0.04055577 
     150  -0.10159265   0.04439938 
     160   0.03340735   0.04072761 
     170   0.01134852   0.03989701 
     180   0.08062957   0.03755946 
     190   0.18472314   0.03456872 
     200   0.03840735   0.03634592 
     210   0.00126449   0.03605200 
     220   0.02204371   0.03490838 
     230  -0.15028831   0.03645831 
     240  -0.04159265   0.03431995 
     250  -0.10159265   0.03439161 
     260  -0.12620804   0.03401482 
     270   0.01396290   0.03162217 
     280   0.05840735   0.03043625 
     290  -0.01055817   0.03083162 
     300   0.01840735   0.02994144 
     310  -0.00610878   0.02976515 
     320   0.02090735   0.02895895 
     330   0.03416492   0.02834943 
     340   0.09370146   0.02715281 
     350  -0.04444980   0.02845157 
     360   0.02507401   0.02725269 
     370   0.13408302   0.02548979 
     380  -0.00475055   0.02686889 
     390  -0.07492599   0.02726902 
     400  -0.13159265   0.02747394 
     410   0.02913905   0.02549092 
     420  -0.01778313   0.02569609 
     430   0.06770967   0.02445268 
     440   0.07658916   0.02407033 
     450  -0.09270376   0.02555232 
     460   0.09318996   0.02334996 
     470   0.10096054   0.02301022 
     480  -0.07492599   0.02457996 
     490   0.14820326   0.02198002 
     500  -0.10159265   0.02431854 
     510   0.01134852   0.02303455 
     520   0.08148427   0.02208883 
     530  -0.03215869   0.02300837 
     540   0.04359253   0.02206734 
     550   0.09477098   0.02133736 
     560   0.02269306   0.02187373 
     570   0.11454770   0.02074960 
     580  -0.01055817   0.02180125 
     590  -0.02294859   0.02172615 
     600   0.03174068   0.02104736 
     610   0.08463685   0.02036287 
     620  -0.21256040   0.02264147 
     630   0.00126449   0.02081463 
     640  -0.07284265   0.02127032 
     650  -0.05851573   0.02099192 
     660   0.02810432   0.02010043 
     670  -0.01323444   0.02030673 
     680  -0.07100442   0.02062104 
     690   0.03521894   0.01959616 
     700   0.03555020   0.01945278 
     710  -0.00919829   0.01969338 
     720  -0.03603710   0.01977107 
     730  -0.06762005   0.01987699 
     740   0.07462356   0.01857826 
     750  -0.01092599   0.01917481 
     760  -0.04159265   0.01928615 
     770  -0.01951473   0.01899130 
     780  -0.08518240   0.01935532 
     790  -0.13906101   0.01959882 
     800  -0.10659265   0.01925964 
     810   0.00408636   0.01833477 
     820  -0.01964143   0.01840414 
     830   0.01985313   0.01798952 
     840  -0.14635456   0.01905275 
     850   0.06781911   0.01739116 
     860  -0.03461591   0.01808012 
     870   0.06760275   0.01719187 
     880  -0.00068356   0.01762609 
     890   0.00896914   0.01745481 
     900  -0.06603710   0.01789085 
     910  -0.05587837   0.01772345 
     920   0.04971169   0.01685904 
     930   0.00249337   0.01712265 
     940   0.01585415   0.01693374 
     950   0.03314419   0.01671623 
     960  -0.11242599   0.01761767 
     970   0.01304652   0.01669015 
     980  -0.02322531   0.01685949 
     990   0.03012452   0.01639718 
    1000  -0.07759265   0.01704639 
    1010  -0.05248374   0.01680116 
    1020  -0.00041618   0.01636998 
    1030  -0.02702955   0.01647058 
    1040  -0.00313112   0.01623040 
    1050  -0.01778313   0.01625163 
    1060   0.06972810   0.01555927 
    1070  -0.02757396   0.01616334 
    1080  -0.06381488   0.01631829 
    1090   0.06207707   0.01539953 
    1100   0.04386189   0.01545956 
    1110  -0.01006112   0.01575593 
    1120  -0.07373551   0.01608422 
    1130  -0.06548646   0.01596330 
    1140   0.00226700   0.01546685 
    1150   0.03058126   0.01521070 
    1160  -0.01745472   0.01545981 
    1170   0.05156974   0.01493691 
    1180  -0.07379604   0.01567032 
    1190  -0.00881954   0.01520924 
    1200   0.01507401   0.01499248 
    1210  -0.01101414   0.01509680 
    1220  -0.01700249   0.01507205 
    1230   0.05515531   0.01454379 
    1240  -0.06094749   0.01521254 
    1250  -0.01839265   0.01489859 
    1260  -0.04635456   0.01500649 
    1270   0.05840735   0.01429119 
    1280   0.02403235   0.01445957 
    1290  -0.03461591   0.01476236 
    1300  -0.00313112   0.01451691 
    1310  -0.04235601   0.01469424 
    1320  -0.02341084   0.01452792 
    1330   0.00727953   0.01428891 
    1340  -0.02815982   0.01444685 
    1350  -0.05714821   0.01455841 
    1360  -0.02688677   0.01433286 
    1370   0.01753143   0.01401649 
    1380   0.00333488   0.01405133 
    1390   0.03538576   0.01380561 
    1400  -0.09873551   0.01451828 
    1410   0.01301728   0.01384337 
    1420   0.02460453   0.01372482 
    1430  -0.00033391   0.01382500 
    1440   0.03062957   0.01359276 
    1450   0.00323493   0.01370855 
    1460  -0.01008580   0.01373832 
    1470   0.04752299   0.01335076 
    1480   0.02327221   0.01345164 
    1490  -0.04897520   0.01381387 
    1500  -0.02425932   0.01363310 
    1510  -0.06344696   0.01379867 
    1520  -0.04685581   0.01366557 
    1530  -0.00695213   0.01340283 
    1540  -0.00652772   0.01335687 
    1550  -0.04223781   0.01350818 
    1560   0.04815094   0.01295618 
    1570   0.04566849   0.01292959 
    1580  -0.01754202   0.01324708 
    1590  -0.01203291   0.01317537 
    1600  -0.07659265   0.01347135 
    1610   0.04350051   0.01278063 
    1620  -0.05023463   0.01325451 
    1630   0.00441962   0.01292297 
    1640  -0.07086095   0.01327760 
    1650   0.01234674   0.01280075 
    1660   0.02226277   0.01270706 
    1670  -0.00386810   0.01281216 
    1680   0.02269306   0.01262880 
    1690   0.04657303   0.01245693 
    1700   0.07017205   0.01228359 
    1710   0.04671144   0.01238308 
    1720   0.03282595   0.01242504 
    1730   0.04915879   0.01229743 
    1740  -0.00825932   0.01257491 
    1750   0.03783592   0.01229034 
    1760   0.01977098   0.01235429 
    1770  -0.00712938   0.01246200 
    1780  -0.00676119   0.01242503 
    1790   0.06287662   0.01201241 
    1800   0.00507401   0.01229415 
    1810   0.02083829   0.01217676 
    1820   0.00346229   0.01223482 
    1830  -0.00060905   0.01222245 
    1840  -0.01767961   0.01227621 
    1850   0.03678572   0.01195922 
    1860   0.01324606   0.01205180 
    1870  -0.01004185   0.01213895 
    1880  -0.01393308   0.01212618 
    1890  -0.03471435   0.01219654 
    1900  -0.00264529   0.01200550 
    1910   0.00605133   0.01192990 
    1920   0.06257401   0.01160027 
    1930  -0.02656675   0.01203005 
    1940   0.03160322   0.01170574 
    1950  -0.03800291   0.01202315 
    1960  -0.00485796   0.01183132 
    1970   0.00967638   0.01172856 
    1980  -0.01431993   0.01181788 
    1990  -0.01194441   0.01177657 
    2000  -0.00959265   0.01173562 
    2010   0.03452675   0.01148504 
    2020   0.02078358   0.01152672 
    2030   0.01899848   0.01150729 
    2040   0.03879950   0.01137833 
    2050   0.05840735   0.01124846 
    2060   0.03898987   0.01132198 
    2070   0.00043633   0.01148699 
    2080   0.00071504   0.01145799 
    2090  -0.03537256   0.01160135 
    2100   0.00126449   0.01140064 
    2110  -0.02310924   0.01148936 
    2120   0.00369037   0.01133504 
    2130   0.02460453   0.01120627 
    2140  -0.00888237   0.01134189 
    2150   0.04538409   0.01105024 
    2160   0.09174068   0.01078330 
    2170   0.02891426   0.01108131 
    2180   0.01437065   0.01112675 
    2190  -0.04387576   0.01137157 
    2200  -0.00522902   0.01116908 
    2210  -0.02666053   0.01124260 
    2220  -0.04970076   0.01132021 
    2230   0.00280197   0.01105613 
    2240   0.01733592   0.01096257 
    2250   0.00862957   0.01097949 
    2260  -0.03362805   0.01114872 
    2270  -0.00679089   0.01100272 
    2280   0.02858279   0.01081229 
    2290   0.02696630   0.01079640 
    2300   0.06710300   0.01057602 
    2310  -0.02124633   0.01097239 
    2320  -0.01400645   0.01091621 
    2330  -0.03601325   0.01099042 
    2340  -0.06296017   0.01108250 
    2350   0.03117330   0.01063774 
    2360  -0.01277909   0.01081781 
    2370   0.04321747   0.01053531 
    2380  -0.03234896   0.01085847 
    2390  -0.04535834   0.01089171 
    2400   0.01340735   0.01060895 
    2410  -0.00964245   0.01069107 
    2420   0.04187842   0.01043227 
    2430   0.00902463   0.01056322 
    2440   0.01578440   0.01051078 
    2450  -0.00200082   0.01056954 
    2460  -0.08793412   0.01090980 
    2470  -0.03228091   0.01065851 
    2480  -0.02062491   0.01058696 
    2490   0.06965233   0.01015216 
    2500   0.01520735   0.01038649 
    2510   0.00422408   0.01041491 
    2520   0.04412163   0.01021273 
    2530   0.00149035   0.01038573 
    2540   0.06785617   0.01006036 
    2550  -0.03414167   0.01049780 
    2560   0.02403235   0.01022446 
    2570   0.02260968   0.01021095 
    2580   0.01809727   0.01021133 
    2590  -0.01726833   0.01034546 
    2600   0.00763812   0.01021813 
    2610  -0.00749304   0.01026408 
    2620  -0.02861555   0.01033368 
    2630  -0.01307554   0.01024875 
    2640  -0.04613811   0.01036634 
    2650   0.02972810   0.01002399 
    2660  -0.02129190   0.01022527 
    2670   0.02694667   0.00999873 
    2680   0.00915362   0.01005792 
    2690   0.02569359   0.00996702 
    2700   0.00951846   0.01001903 
    2710  -0.05229376   0.01025613 
    2720   0.01134852   0.00997425 
    2730   0.03789453   0.00983989 
    2740   0.02775041   0.00986666 
    2750   0.00458916   0.00994852 
    2760   0.02652329   0.00983620 
    2770  -0.03112334   0.01006013 
    2780  -0.05238402   0.01012653 
    2790  -0.01184355   0.00994546 
    2800   0.01555020   0.00981285 
    2810  -0.03269586   0.00999457 
    2820  -0.03804655   0.00999813 
    2830   0.03437908   0.00967980 
    2840   0.01192847   0.00975881 
    2850  -0.03001371   0.00991351 
    2860   0.05840735   0.00952329 
    2870  -0.00152297   0.00976361 
    2880   0.00562957   0.00971707 
    2890   0.03626202   0.00957067 
    2900  -0.01331679   0.00976097 
    2910   0.01029738   0.00964751 
    2920  -0.02378443   0.00976933 
    2930  -0.03032985   0.00977848 
    2940   0.01078830   0.00959613 
    2950   0.02044124   0.00953972 
    2960  -0.02267373   0.00969872 
    2970  -0.01297312   0.00964389 
    2980   0.00068923   0.00957275 
    2990  -0.03925152   0.00971438 
    3000  -0.01892599   0.00961910 
    3010   0.02252695   0.00943551 
    3020   0.05443384   0.00928480 
    3030   0.02012352   0.00941425 
    3040  -0.01001371   0.00952051 
    3050  -0.02946151   0.00958084 
    3060  -0.03048154   0.00956910 
    3070  -0.01585975   0.00949684 
    3080   0.00386189   0.00940338 
    3090   0.00274392   0.00939262 
    3100  -0.00481846   0.00940748 
    3110   0.00438805   0.00935582 
    3120  -0.03133624   0.00947989 
    3130  -0.01315815   0.00939489 
    3140   0.01891690   0.00925277 
    3150  -0.01651329   0.00937799 
    3160  -0.08969392   0.00963206 
    3170  -0.01225511   0.00933193 
    3180  -0.02712724   0.00937413 
    3190   0.01577412   0.00919256 
    3200   0.00340735   0.00922717 
    3210  -0.01885122   0.00929885 
    3220   0.03853157   0.00905771 
    3230   0.03735471   0.00904849 
    3240   0.01272833   0.00913342 
    3250   0.04979196   0.00896952 
    3260   0.00441962   0.00913792 
    3270  -0.00520122   0.00916115 
    3280   0.02670003   0.00902217 
    3290   0.01463835   0.00905625 
    3300   0.00507401   0.00907983 
    3310  -0.00564099   0.00910730 
    3320  -0.02833964   0.00917885 
    3330   0.05720615   0.00883064 
    3340   0.01649118   0.00898097 
    3350  -0.00010012   0.00903166 
    3360   0.02626449   0.00891584 
    3370   0.05603346   0.00878289 
    3380   0.03355528   0.00886057 
    3390   0.01592947   0.00891667 
    3400   0.00546617   0.00894381 
    3410  -0.00141670   0.00895684 
    3420  -0.00825932   0.00896946 
    3430   0.01525866   0.00886711 
    3440  -0.06136010   0.00913486 
    3450   0.01898706   0.00882701 
    3460  -0.01558109   0.00894459 
    3470  -0.01767335   0.00893938 
    3480  -0.05998346   0.00907743 
    3490   0.01485434   0.00879210 
    3500  -0.01702123   0.00889860 
    3510  -0.04415676   0.00898332 
    3520  -0.01659265   0.00887172 
    3530   0.00061698   0.00879571 
    3540  -0.03424802   0.00891015 
    3550  -0.03511378   0.00890067 
    3560   0.03144105   0.00864184 
    3570  -0.04355344   0.00890540 
    3580  -0.01645299   0.00879656 
    3590   0.01049648   0.00868515 
    3600   0.03396290   0.00858399 
    3610  -0.01915498   0.00876965 
    3620   0.05398746   0.00848227 
    3630  -0.00991221   0.00871215 
    3640   0.02104471   0.00858580 
    3650   0.02772241   0.00854879 
    3660  -0.02683856   0.00873682 
    3670  -0.01788693   0.00869315 
    3680  -0.03289700   0.00873430 
    3690   0.06816344   0.00834552 
    3700  -0.01078184   0.00863247 
    3710  -0.03862769   0.00871879 
    3720  -0.01686147   0.00863089 
    3730   0.01765668   0.00849418 
    3740   0.00386189   0.00853343 
    3750   0.04240735   0.00837850 
    3760  -0.06180542   0.00873898 
    3770   0.01808904   0.00844740 
    3780   0.01184650   0.00845913 
    3790   0.05840735   0.00827276 
    3800   0.02051261   0.00840507 
    3810   0.02481155   0.00837816 
    3820  -0.02640941   0.00855041 
    3830   0.04587471   0.00827740 
    3840  -0.00200932   0.00844258 
    3850  -0.05899525   0.00862697 
    3860  -0.04418333   0.00856646 
    3870  -0.00670893   0.00842641 
    3880  -0.01375760   0.00844025 
    3890  -0.01665692   0.00843948 
    3900  -0.00210547   0.00837772 
    3910  -0.02036503   0.00843068 
    3920  -0.00689878   0.00837316 
    3930   0.01973050   0.00826772 
    3940   0.04216369   0.00817489 
    3950  -0.01146607   0.00835720 
    3960   0.01497300   0.00825345 
    3970   0.00198417   0.00828917 
    3980  -0.01093939   0.00832382 
    3990   0.00326950   0.00826385 
    4000   0.03240735   0.00814917 
    4010  -0.05231585   0.00843140 
    4020  -0.03412997   0.00836090 
    4030   0.02863067   0.00813248 
    4040  -0.01287978   0.00826843 
    4050   0.01495056   0.00816131 
    4060  -0.00858773   0.00823334 
    4070   0.02302651   0.00811252 
    4080   0.02605441   0.00809175 
    4090   0.02417752   0.00808856 
    4100  -0.01378778   0.00821079 
    4110  -0.01361212   0.00820020 
    4120  -0.00178683   0.00814988 
    4130  -0.00551517   0.00815278 
    4140   0.00719962   0.00809916 
    4150  -0.00038783   0.00811557 
    4160  -0.02524650   0.00818969 
    4170   0.00564955   0.00807533 
    4180  -0.02388930   0.00816557 
    4190  -0.01319170   0.00812012 
    4200  -0.04064027   0.00820095 
    4210  -0.00905109   0.00808690 
    4220   0.01101398   0.00800887 
    4230   0.00166976   0.00803145 
    4240   0.02255829   0.00794986 
    4250  -0.00653383   0.00804029 
    4260   0.01709279   0.00795019 
    4270  -0.02402825   0.00807952 
    4280   0.00046342   0.00798849 
    4290  -0.01991433   0.00804715 
    4300  -0.00856940   0.00800021 
    4310  -0.02883163   0.00805758 
    4320  -0.01844451   0.00801434 
    4330   0.01037039   0.00790868 
    4340  -0.05127007   0.00810123 
    4350   0.00691309   0.00790221 
    4360  -0.00673027   0.00793887 
    4370  -0.04868648   0.00806527 
    4380  -0.02835064   0.00799139 
    4390  -0.01904140   0.00795213 
    4400   0.00204371   0.00787352 
    4410   0.00489261   0.00785505 
    4420   0.02311323   0.00778440 
    4430   0.01958116   0.00778769 
    4440   0.04309203   0.00769759 
    4450   0.01256465   0.00779393 
    4460  -0.00796037   0.00785340 
    4470   0.03514113   0.00769940 
    4480  -0.02016408   0.00787547 
    4490   0.01564565   0.00774877 
    4500   0.01396290   0.00774582 
    4510  -0.01520684   0.00783327 
    4520  -0.01681389   0.00782978 
    4530  -0.01576484   0.00781775 
    4540   0.01171131   0.00771914 
    4550   0.02236339   0.00767493 
    4560  -0.03106634   0.00784063 
    4570  -0.01424036   0.00777857 
    4580  -0.04115597   0.00785497 
    4590   0.00873414   0.00768683 
    4600   0.02188561   0.00763470 
    4610  -0.03183127   0.00780039 
    4620  -0.00999092   0.00772275 
    4630   0.03594514   0.00756246 
    4640  -0.01573058   0.00772442 
    4650   0.00077294   0.00766308 
    4660   0.02407258   0.00757809 
    4670  -0.00754554   0.00767347 
    4680   0.01909111   0.00757845 
    4690  -0.02602762   0.00771552 
    4700   0.02351373   0.00754764 
    4710  -0.01293023   0.00765795 
    4720  -0.03905028   0.00773117 
    4730   0.02796337   0.00750886 
    4740  -0.02260531   0.00766406 
    4750  -0.02411897   0.00766070 
    4760  -0.00293719   0.00758590 
    4770  -0.00197001   0.00757485 
    4780   0.02075044   0.00749331 
    4790  -0.02927533   0.00764457 
    4800  -0.01159265   0.00758161 
    4810   0.02264851   0.00746368 
    4820   0.02023307   0.00746385 
    4830  -0.00784524   0.00754624 
    4840  -0.00522902   0.00753019 
    4850   0.00562384   0.00748793 
    4860   0.00820159   0.00747197 
    4870  -0.00237294   0.00749795 
    4880  -0.00798610   0.00750793 
    4890   0.00114763   0.00747147 
    4900  -0.01098041   0.00750194 
    4910  -0.01328308   0.00750145 
    4920  -0.01882843   0.00751096 
    4930   0.00972580   0.00741387 
    4940   0.01549237   0.00738791 
    4950  -0.00139063   0.00743403 
    4960   0.00679444   0.00740073 
    4970   0.02621419   0.00733100 
    4980  -0.04440390   0.00754254 
    4990  -0.03137221   0.00749612 
    5000   0.01760735   0.00733669 
    5010  -0.02462659   0.00746081 
    5020  -0.02605480   0.00745769 
    5030   0.00512703   0.00735429 
    5040  -0.02968789   0.00745380 
    5050  -0.00971147   0.00738578 
    5060  -0.03250174   0.00744746 
    5070  -0.00076425   0.00734359 
    5080   0.02218687   0.00726410 
    5090  -0.02567910   0.00740511 
    5100  -0.01845540   0.00737609 
    5110  -0.01987054   0.00737314 
    5120   0.01387610   0.00726198 
    5130  -0.00241137   0.00730559 
    5140   0.00004159   0.00729092 
    5150  -0.01848586   0.00734029 
    5160  -0.00128258   0.00728086 
    5170  -0.00580929   0.00728768 
    5180  -0.01495173   0.00730837 
    5190   0.01755956   0.00720129 
    5200   0.02609965   0.00716740 
    5210  -0.00070974   0.00724408 
    5220  -0.01438959   0.00727863 
    5230   0.01251825   0.00718943 
    5240   0.01718597   0.00716802 
    5250  -0.00406884   0.00722666 
    5260   0.00517541   0.00719156 
    5270  -0.01445793   0.00724422 
    5280   0.00840735   0.00716800 
    5290  -0.01418245   0.00722969 
    5300  -0.01706435   0.00723145 
    5310   0.01094972   0.00713990 
    5320   0.01179081   0.00713060 
    5330  -0.01889097   0.00721648 
    5340   0.00896914   0.00712589 
    5350  -0.01037770   0.00717771 
    5360  -0.02741355   0.00722125 
    5370  -0.01459079   0.00717685 
    5380   0.02346311   0.00705470 
    5390  -0.03213069   0.00721481 
    5400   0.01988883   0.00705269 
    5410  -0.06063147   0.00728218 
    5420   0.02667303   0.00701865 
    5430  -0.01304753   0.00713253 
    5440   0.02237793   0.00701904 
    5450  -0.05975779   0.00725299 
    5460  -0.00825932   0.00709877 
    5470   0.01526292   0.00702158 
    5480   0.00585260   0.00704369 
    5490  -0.02100978   0.00711671 
    5500  -0.03977447   0.00716406 
    5510   0.04751805   0.00689588 
    5520  -0.00970860   0.00706435 
    5530   0.01356105   0.00698854 
    5540  -0.01018471   0.00705299 
    5550   0.03318212   0.00691586 
    5560   0.01308361   0.00697111 
    5570   0.00239298   0.00699686 
    5580  -0.00610878   0.00701571 
    5590   0.01618910   0.00694301 
    5600  -0.02230694   0.00705020 
    5610   0.02418275   0.00690638 
    5620   0.04061375   0.00684964 
    5630  -0.01548253   0.00701175 
    5640   0.00166976   0.00695544 
    5650   0.03504451   0.00684866 
    5660   0.00540381   0.00693211 
    5670  -0.00296831   0.00695064 
    5680  -0.02046589   0.00699511 
    5690   0.02466394   0.00685620 
    5700   0.02753015   0.00684149 
    5710   0.01427425   0.00687538 
    5720   0.01575000   0.00686497 
    5730   0.01093789   0.00687329 
    5740  -0.01267279   0.00693618 
    5750   0.02362474   0.00682346 
    5760  -0.01659265   0.00693534 
    5770  -0.01576943   0.00692698 
    5780   0.00165994   0.00687072 
    5790   0.00659387   0.00685036 
    5800   0.03082114   0.00677232 
    5810  -0.00217785   0.00686410 
    5820  -0.01032118   0.00688163 
    5830  -0.02666984   0.00692198 
    5840   0.02758543   0.00675882 
    5850  -0.01612257   0.00688046 
    5860   0.03861212   0.00671400 
    5870   0.02229150   0.00675732 
    5880  -0.00825932   0.00684055 
    5890   0.05636999   0.00664242 
    5900   0.01908531   0.00674961 
    5910   0.02998095   0.00671152 
    5920  -0.02267373   0.00685803 
    5930  -0.02051340   0.00684621 
    5940  -0.03856235   0.00689031 
    5950  -0.01285316   0.00681319 
    5960  -0.03756581   0.00687602 
    5970  -0.00256418   0.00677259 
    5980   0.02496253   0.00668700 
    5990  -0.01638397   0.00680031 
    6000  -0.01292599   0.00678494 
    6010  -0.03410513   0.00683793 
    6020  -0.03461591   0.00683364 
    6030   0.00467600   0.00671815 
    6040  -0.01245358   0.00676112 
    6050  -0.00043563   0.00672162 
    6060   0.01022253   0.00668559 
    6070   0.02018659   0.00665121 
    6080  -0.02317160   0.00676856 
    6090  -0.01909676   0.00675176 
    6100  -0.00060905   0.00669451 
    6110  -0.03717367   0.00679004 
    6120   0.05775375   0.00651219 
    6130  -0.01663344   0.00672289 
    6140   0.00368422   0.00666052 
    6150   0.02003336   0.00660825 
    6160  -0.02730694   0.00673575 
    6170   0.03506861   0.00655364 
    6180   0.02345589   0.00658229 
    6190  -0.03270735   0.00673401 
    6200  -0.01449588   0.00667895 
    6210  -0.00922550   0.00665899 
    6220  -0.00204281   0.00663363 
    6230   0.01667380   0.00657533 
    6240   0.00840735   0.00659360 
    6250  -0.02543265   0.00668201 
    6260  -0.03232748   0.00669524 
    6270  -0.03664847   0.00670144 
    6280  -0.00592386   0.00661265 
    6290   0.01389224   0.00655181 
    6300  -0.00127519   0.00658925 
    6310   0.01530117   0.00653742 
    6320  -0.02260531   0.00663727 
    6330  -0.02121351   0.00662826 
    6340  -0.03812262   0.00666825 
    6350   0.00864357   0.00653558 
    6360   0.02570294   0.00648203 
    6370  -0.01255027   0.00658392 
    6380   0.01514716   0.00650190 
    6390  -0.00419046   0.00655072 
    6400   0.00090735   0.00653153 
    6410  -0.01023540   0.00655704 
    6420  -0.01012848   0.00655164 
    6430   0.01797189   0.00646860 
    6440  -0.00246222   0.00652049 
    6450   0.00879494   0.00648429 
    6460   0.01011013   0.00647561 
    6470   0.00400240   0.00648756 
    6480  -0.00825932   0.00651616 
    6490  -0.01185460   0.00652089 
    6500  -0.00805419   0.00650557 
    6510  -0.02024089   0.00653339 
    6520   0.00012514   0.00647329 
    6530  -0.03408883   0.00655998 
    6540   0.00886606   0.00643933 
    6550  -0.01670716   0.00650398 
    6560  -0.02390973   0.00651818 
    6570  -0.01647850   0.00649346 
    6580   0.04199397   0.00632631 
    6590  -0.01018142   0.00646673 
    6600  -0.00462296   0.00644683 
    6610  -0.00573789   0.00644497 
    6620   0.03786354   0.00631900 
    6630   0.00048879   0.00641838 
    6640   0.00358807   0.00640510 
    6650  -0.00535205   0.00642452 
    6660   0.02297191   0.00634200 
    6670  -0.00995847   0.00642723 
    6680   0.00092232   0.00639313 
    6690  -0.01633107   0.00643457 
    6700   0.01363123   0.00634890 
    6710   0.02681271   0.00630761 
    6720  -0.03028313   0.00645673 
    6730  -0.00816026   0.00639373 
    6740  -0.00628108   0.00638396 
    6750   0.00388883   0.00635188 
    6760  -0.01674058   0.00640224 
    6770  -0.00126769   0.00635639 
    6780   0.02536900   0.00627898 
    6790  -0.01935407   0.00639494 
    6800  -0.00100442   0.00634164 
    6810   0.05488312   0.00618175 
    6820  -0.03953987   0.00643292 
    6830   0.01916869   0.00627304 
    6840  -0.02287920   0.00638070 
    6850  -0.00816200   0.00633748 
    6860   0.00709539   0.00629212 
    6870   0.03220647   0.00621877 
    6880  -0.01484847   0.00634122 
    6890  -0.05189744   0.00643120 
    6900  -0.00594048   0.00630861 
    6910   0.01267652   0.00625427 
    6920  -0.03060999   0.00636357 
    6930   0.00068729   0.00627738 
    6940  -0.01363876   0.00631059 
    6950  -0.02159265   0.00632669 
    6960  -0.01400645   0.00630248 
    6970   0.00847908   0.00623857 
    6980  -0.00577603   0.00627192 
    6990  -0.00911769   0.00627619 
    7000   0.00012163   0.00624742 
    7010   0.03044729   0.00616120 
    7020   0.00541589   0.00622448 
    7030  -0.00873348   0.00625731 
    7040   0.01068007   0.00620160 
    7050   0.02379742   0.00616185 
    7060   0.00458298   0.00620903 
    7070   0.00069872   0.00621489 
    7080   0.05614746   0.00605916 
    7090  -0.00083102   0.00621014 
    7100   0.02573129   0.00613487 
    7110   0.04265489   0.00608412 
    7120  -0.00957018   0.00621981 
    7130   0.01577060   0.00614876 
    7140  -0.02730694   0.00625644 
    7150  -0.00536888   0.00619586 
    7160  -0.00248651   0.00618403 
    7170   0.03386062   0.00608277 
    7180  -0.00454530   0.00618076 
    7190  -0.02226025   0.00622189 
    7200   0.00840735   0.00613831 
    7210   0.02123675   0.00609997 
    7220  -0.03688351   0.00624560 
    7230   0.00086931   0.00614529 
    7240  -0.00954845   0.00616799 
    7250   0.02364873   0.00607666 
    7260   0.00165804   0.00613053 
    7270   0.01659167   0.00608710 
    7280  -0.02840584   0.00619874 
    7290  -0.01347194   0.00615682 
    7300  -0.01227759   0.00614956 
    7310   0.01736767   0.00606837 
    7320  -0.01481670   0.00614760 
    7330  -0.01853672   0.00615282 
    7340   0.02080517   0.00604685 
    7350  -0.03356544   0.00618194 
    7360   0.01438561   0.00605557 
    7370  -0.02463200   0.00615137 
    7380  -0.03806962   0.00618043 
    7390   0.00265633   0.00607379 
    7400   0.02921816   0.00599993 
    7410  -0.01122828   0.00610109 
    7420  -0.00682176   0.00608579 
    7430  -0.00511890   0.00607735 
    7440  -0.01578620   0.00610026 
    7450  -0.01729735   0.00609996 
    7460   0.01712048   0.00600769 
    7470   0.04394952   0.00593220 
    7480   0.02364799   0.00598251 
    7490   0.00340067   0.00603120 
    7500   0.00987401   0.00601050 
    7510  -0.00604006   0.00604723 
    7520   0.00362011   0.00601860 
    7530   0.00953616   0.00599938 
    7540   0.01915005   0.00597044 
    7550  -0.00410921   0.00602630 
    7560   0.00390999   0.00600191 
    7570  -0.00922806   0.00603125 
    7580   0.01830181   0.00595688 
    7590   0.01255754   0.00596784 
    7600   0.00051261   0.00599474 
    7610  -0.01097505   0.00601975 
    7620  -0.02243255   0.00604422 
    7630   0.02171010   0.00592847 
    7640   0.00709845   0.00596228 
    7650  -0.01740965   0.00601997 
    7660  -0.01626628   0.00601321 
    7670   0.02815963   0.00589616 
    7680  -0.03065515   0.00604062 
    7690   0.02095611   0.00590725 
    7700   0.00593981   0.00594195 
    7710  -0.01526321   0.00599120 
    7720  -0.01413151   0.00598453 
    7730  -0.01300274   0.00597786 
    7740   0.01344611   0.00590745 
    7750  -0.00352814   0.00594658 
    7760  -0.00447925   0.00594513 
    7770  -0.01778313   0.00597422 
    7780  -0.00945898   0.00594986 
    7790   0.01732904   0.00587853 
    7800  -0.01800291   0.00596326 
    7810  -0.01278343   0.00594663 
    7820  -0.00092769   0.00591342 
    7830  -0.03405753   0.00599063 
    7840   0.01963184   0.00585386 
    7850  -0.03993660   0.00599699 
    7860  -0.00266136   0.00590267 
    7870  -0.01274894   0.00592383 
    7880  -0.01570433   0.00592730 
    7890   0.00314752   0.00587696 
    7900   0.00676178   0.00586419 
    7910  -0.02149152   0.00593011 
    7920   0.00032654   0.00587285 
    7930   0.00796598   0.00585006 
    7940   0.00248795   0.00586007 
    7950   0.00356458   0.00585371 
    7960   0.02071890   0.00580680 
    7970  -0.01035050   0.00588070 
    7980  -0.01577812   0.00589023 
    7990   0.00834477   0.00582711 
    8000   0.00890735   0.00582206 
    8010  -0.01699840   0.00588214 
    8020  -0.02538318   0.00589863 
    8030  -0.02428257   0.00589232 
    8040  -0.01721454   0.00587168 
    8050  -0.01314545   0.00585819 
    8060   0.02912695   0.00574926 
    8070  -0.00602884   0.00583361 
    8080   0.02573408   0.00575080 
    8090  -0.00537510   0.00582480 
    8100   0.02285179   0.00575101 
    8110  -0.02642619   0.00586828 
    8120  -0.00563206   0.00581466 
    8130  -0.00309327   0.00580489 
    8140  -0.03053614   0.00586717 
    8150   0.02552391   0.00572658 
    8160   0.01674068   0.00574519 
    8170  -0.02433439   0.00584174 
    8180  -0.03156820   0.00585524 
    8190   0.01249770   0.00574523 
    8200  -0.00110485   0.00577521 
    8210  -0.02344405   0.00582539 
    8220   0.00877231   0.00574395 
    8230  -0.02373117   0.00581898 
    8240   0.02199958   0.00570408 
    8250  -0.00801690   0.00577442 
    8260  -0.00309386   0.00575903 
    8270  -0.00833993   0.00576821 
    8280  -0.01019169   0.00576918 
    8290   0.03042182   0.00566568 
    8300  -0.02303844   0.00579276 
    8310  -0.00561191   0.00574775 
    8320   0.00119581   0.00572783 
    8330   0.00990795   0.00570311 
    8340  -0.00010584   0.00572411 
    8350  -0.01440702   0.00575499 
    8360   0.02108677   0.00566527 
    8370   0.02160926   0.00566058 
    8380   0.00876534   0.00568887 
    8390   0.00071962   0.00570504 
    8400  -0.01873551   0.00574807 
    8410  -0.00247256   0.00570594 
    8420  -0.01380168   0.00572959 
    8430  -0.01039455   0.00571810 
    8440   0.02096659   0.00563865 
    8450   0.00112924   0.00568376 
    8460  -0.02197090   0.00573523 
    8470   0.01873792   0.00563416 
    8480   0.03199225   0.00559792 
    8490  -0.01085060   0.00569894 
    8500   0.00240735   0.00566394 
    8510  -0.01585822   0.00570405 
    8520   0.01145899   0.00563539 
    8530   0.00823150   0.00563992 
    8540  -0.03620624   0.00574112 
    8550  -0.00100786   0.00565554 
    8560  -0.02944312   0.00571891 
    8570   0.02993593   0.00557356 
    8580  -0.02084673   0.00569237 
    8590   0.00765065   0.00562159 
    8600  -0.04252289   0.00573538 
    8610   0.00079991   0.00563149 
    8620  -0.00238152   0.00563579 
    8630   0.00464141   0.00561577 
    8640  -0.02955562   0.00569263 
    8650  -0.00309554   0.00562770 
    8660   0.00944661   0.00559451 
    8670  -0.00064686   0.00561540 
    8680  -0.00887376   0.00563159 
    8690   0.04045568   0.00550881 
    8700   0.00553378   0.00559101 
    8710   0.01799403   0.00555780 
    8720  -0.00948256   0.00562008 
    8730  -0.00436470   0.00560485 
    8740  -0.00154689   0.00559500 
    8750   0.01360735   0.00555567 
    8760   0.03694616   0.00549548 
    8770  -0.00134180   0.00558494 
    8780   0.00692671   0.00556216 
    8790   0.02109222   0.00552495 
    8800   0.00204371   0.00556742 
    8810  -0.01242126   0.00559813 
    8820   0.00534612   0.00555329 
    8830  -0.00048280   0.00556391 
    8840   0.00637115   0.00554457 
    8850   0.00417006   0.00554665 
    8860  -0.02285676   0.00560629 
    8870  -0.00382490   0.00555918 
    8880   0.02237131   0.00549379 
    8890  -0.00863427   0.00556412 
    8900   0.02245229   0.00548742 
    8910   0.00543316   0.00552496 
    8920  -0.00347606   0.00554277 
    8930   0.01316658   0.00550044 
    8940  -0.00915417   0.00554974 
    8950  -0.01846416   0.00556803 
    8960   0.01867520   0.00547808 
    8970  -0.03390035   0.00559668 
    8980   0.00940957   0.00549401 
    8990   0.00590457   0.00549922 
    9000  -0.02603710   0.00556970 
    9010  -0.01662040   0.00554526 
    9020   0.00297497   0.00549693 
    9030  -0.00405113   0.00551023 
    9040   0.02300912   0.00544342 
    9050   0.00227475   0.00548945 
    9060  -0.00075380   0.00549346 
    9070  -0.01436002   0.00552174 
    9080   0.00906814   0.00546448 
    9090  -0.02564106   0.00554117 
    9100   0.02148427   0.00542909 
    9110   0.01801218   0.00543437 
    9120   0.01103893   0.00544785 
    9130   0.00364283   0.00546216 
    9140   0.00632857   0.00545292 
    9150   0.00026527   0.00546402 
    9160  -0.01102497   0.00548696 
    9170   0.01391443   0.00542623 
    9180   0.01178425   0.00542827 
    9190   0.00922345   0.00543131 
    9200   0.01753778   0.00540884 
    9210  -0.02194010   0.00549668 
    9220  -0.00146250   0.00544722 
    9230  -0.01743231   0.00548060 
    9240  -0.01172252   0.00546474 
    9250  -0.01164671   0.00546161 
    9260  -0.01113909   0.00545751 
    9270   0.02647639   0.00536724 
    9280  -0.01400645   0.00545811 
    9290  -0.01263679   0.00545208 
    9300   0.02829982   0.00535424 
    9310   0.02188748   0.00536656 
    9320   0.00003825   0.00541448 
    9330   0.01639234   0.00537371 
    9340   0.01215467   0.00538072 
    9350   0.00493141   0.00539455 
    9360   0.00114239   0.00540037 
    9370  -0.00946885   0.00542162 
    9380   0.00595532   0.00538356 
    9390   0.02006869   0.00534792 
    9400  -0.00627350   0.00540574 
    9410   0.00994826   0.00536577 
    9420  -0.02821686   0.00544892 
    9430   0.01005104   0.00535984 
    9440   0.03764463   0.00529218 
    9450   0.02327507   0.00532341 
    9460  -0.00163494   0.00537807 
    9470   0.00603142   0.00535775 
    9480   0.00439891   0.00535866 
    9490   0.03185308   0.00529198 
    9500   0.00703893   0.00534697 
    9510   0.01003721   0.00533728 
    9520  -0.02016408   0.00540253 
    9530   0.00552172   0.00534202 
    9540  -0.00280859   0.00535812 
    9550   0.00144400   0.00534570 
    9560  -0.00853826   0.00536539 
    9570   0.00616074   0.00532939 
    9580  -0.01299140   0.00536971 
    9590   0.01711433   0.00529870 
    9600   0.02215735   0.00528425 
    9610  -0.00194645   0.00533663 
    9620   0.00352169   0.00532151 
    9630   0.01479364   0.00529302 
    9640   0.01110444   0.00529873 
    9650  -0.00003825   0.00532127 
    9660  -0.00618893   0.00533230 
    9670   0.01207849   0.00528828 
    9680   0.01088669   0.00528827 
    9690   0.00309259   0.00530322 
    9700   0.01139704   0.00528165 
    9710   0.02668747   0.00524374 
    9720  -0.00702475   0.00531768 
    9730  -0.03573448   0.00537759 
    9740   0.02103568   0.00524873 
    9750   0.02312530   0.00524121 
    9760  -0.00716642   0.00530709 
    9770  -0.00341456   0.00529603 
    9780  -0.00130636   0.00528862 
    9790  -0.00819122   0.00530122 
    9800   0.02085633   0.00523305 
    9810  -0.00642446   0.00529190 
    9820  -0.01124642   0.00529985 
    9830   0.00672881   0.00525715 
    9840   0.01978946   0.00522484 
    9850   0.00196065   0.00526251 
    9860   0.00404629   0.00525517 
    9870   0.01463835   0.00522863 
    9880   0.00172718   0.00525503 
    9890   0.00946902   0.00523502 
    9900   0.00628613   0.00523953 
    9910   0.00674236   0.00523586 
    9920   0.00074606   0.00524661 
    9930   0.00926334   0.00522493 
    9940  -0.00034517   0.00524375 
    9950  -0.01636652   0.00527627 
    9960   0.01342743   0.00520769 
    9970   0.00785569   0.00521759 
    9980   0.03115284   0.00516205 
    9990  -0.00565672   0.00524233 
