  -3.000      -0.99997789      -0.99997791
  -2.750      -0.99989934      -0.99989938
  -2.500      -0.99959296      -0.99959305
  -2.250      -0.99853715      -0.99853728
  -2.000      -0.99532214      -0.99532227
  -1.750      -0.98667165      -0.98667167
  -1.500      -0.96610527      -0.96610515
  -1.250      -0.92290022      -0.92290013
  -1.000      -0.84270069      -0.84270079
  -0.750      -0.71115557      -0.71115563
  -0.500      -0.52050002      -0.52049988
  -0.250      -0.27632626      -0.27632639
   0.000       0.00000000       0.00000000
   0.250       0.27632626       0.27632639
   0.500       0.52050002       0.52049988
   0.750       0.71115557       0.71115563
   1.000       0.84270069       0.84270079
   1.250       0.92290022       0.92290013
   1.500       0.96610527       0.96610515
   1.750       0.98667165       0.98667167
   2.000       0.99532214       0.99532227
   2.250       0.99853715       0.99853728
   2.500       0.99959296       0.99959305
   2.750       0.99989934       0.99989938
   3.000       0.99997789       0.99997791
