  -3.96875       1.39968448
  -3.90625       0.51881309
  -3.84375       0.35040309
  -3.78125       0.28531625
  -3.71875       0.25635147
  -3.65625       0.24576904
  -3.59375       0.24751508
  -3.53125       0.25983639
  -3.46875       0.28339905
  -3.40625       0.32113703
  -3.34375       0.37930327
  -3.28125       0.47057978
  -3.21875       0.62289688
  -3.15625       0.90968437
  -3.09375       1.60138066
  -3.03125       5.13557331
  -2.96875      -5.55499776
  -2.90625      -2.02661363
  -2.84375      -1.34686188
  -2.78125      -1.07885209
  -2.71875      -0.95330704
  -2.65625      -0.89859304
  -2.59375      -0.88950732
  -2.53125      -0.91754724
  -2.46875      -0.98304044
  -2.40625      -1.09387299
  -2.34375      -1.26829532
  -2.28125      -1.54408989
  -2.21875      -2.00494933
  -2.15625      -2.87119130
  -2.09375      -4.95427141
  -2.03125     -15.56720659
  -1.96875      16.49139961
  -1.90625       5.88984587
  -1.84375       3.83013847
  -1.78125       3.00055736
  -1.71875       2.59180350
  -1.65625       2.38688777
  -1.59375       2.30715962
  -1.53125       2.32254146
  -1.46875       2.42688109
  -1.40625       2.63213189
  -1.34375       2.97256716
  -1.28125       3.52245507
  -1.21875       4.44848132
  -1.15625       6.19100625
  -1.09375      10.37300576
  -1.03125      31.62088839
  -0.96875     -32.46744298
  -0.90625     -11.22751869
  -0.84375      -7.06181780
  -0.78125      -5.34474281
  -0.71875      -4.45466227
  -0.65625      -3.95328286
  -0.59375      -3.67703564
  -0.53125      -3.55639161
  -0.46875      -3.56448160
  -0.40625      -3.70143547
  -0.34375      -3.99438712
  -0.28125      -4.51314556
  -0.21875      -5.42158661
  -0.15625      -7.15835098
  -0.09375     -11.34547505
  -0.03125     -32.60904115
   0.03125      31.45283484
   0.09375      10.17493864
   0.15625       5.95840867
   0.21875       4.17558025
   0.28125       3.20178845
   0.34375       2.59434184
   0.40625       2.18323988
   0.46875       1.88933301
   0.53125       1.67085072
   0.59375       1.50370814
   0.65625       1.37307055
   0.71875       1.26932217
   0.78125       1.18597205
   0.84375       1.11849232
   0.90625       1.06363827
   0.96875       1.01903252
   1.03125       0.98290109
   1.09375       0.95390050
   1.15625       0.93100135
   1.21875       0.91340818
   1.28125       0.90050300
   1.34375       0.89180501
   1.40625       0.88694120
   1.46875       0.88562485
   1.53125       0.88763945
   1.59375       0.89282671
   1.65625       0.90107755
   1.71875       0.91232531
   1.78125       0.92654066
   1.84375       0.94372790
   1.90625       0.96392218
   1.96875       0.98718775
   2.03125       1.01361675
   2.09375       1.04332867
   2.15625       1.07647032
   2.21875       1.11321622
   2.28125       1.15376947
   2.34375       1.19836298
   2.40625       1.24726106
   2.46875       1.30076150
   2.53125       1.35919790
   2.59375       1.42294256
   2.65625       1.49240969
   2.71875       1.56805912
   2.78125       1.65040056
   2.84375       1.73999831
   2.90625       1.83747666
   2.96875       1.94352589
   3.03125       2.05890902
   3.09375       2.18446940
   3.15625       2.32113912
   3.21875       2.46994848
   3.28125       2.63203661
   3.34375       2.80866323
   3.40625       3.00122193
   3.46875       3.21125495
   3.53125       3.44046969
   3.59375       3.69075727
   3.65625       3.96421323
   3.71875       4.26316074
   3.78125       4.59017655
   3.84375       4.94812019
   3.90625       5.34016653
   3.96875       5.76984248
   4.03125       6.24106796
   4.09375       6.75820221
   4.15625       7.32609534
   4.21875       7.95014668
   4.28125       8.63637012
   4.34375       9.39146767
   4.40625      10.22291220
   4.46875      11.13904059
   4.53125      12.14915858
   4.59375      13.26365894
   4.65625      14.49415464
   4.71875      15.85362899
   4.78125      17.35660509
   4.84375      19.01933697
   4.90625      20.86002552
   4.96875      22.89906233
   5.03125      25.15930523
   5.09375      27.66639030
   5.15625      30.44908377
   5.21875      33.53968132
   5.28125      36.97445958
   5.34375      40.79418769
   5.40625      45.04470689
   5.46875      49.77758765
   5.53125      55.05087483
   5.59375      60.92993328
   5.65625      67.48840754
   5.71875      74.80931181
   5.78125      82.98626809
   5.84375      92.12491345
   5.90625     102.34450020
   5.96875     113.77971596
   6.03125     126.58275443
