0.00000000 0.9999999950000000 0.0000333333333333 0.0000000006666667 
0.03125000 0.9998372377585430 0.0069437787363210 0.0000632795672659 
0.06250000 0.9993490751893600 0.0138834917351477 0.0002551996693640 
0.09375000 0.9985357890333210 0.0208151265838813 0.0005760389765249 
0.12500000 0.9973978459044880 0.0277345942714830 0.0010258315978490 
0.15625000 0.9959359532118660 0.0346378897890353 0.0016043386587342 
0.18750000 0.9941508963471960 0.0415208104710444 0.0023110418132276 
0.21875000 0.9920438250254260 0.0483796328058563 0.0031453607173248 
0.25000000 0.9896157075251570 0.0552100525701361 0.0041068687898280 
0.28125000 0.9868685154966960 0.0620083390913111 0.0051944845469197 
0.31250000 0.9838033426547260 0.0687702040258447 0.0064045861348673 
0.34375000 0.9804221521497440 0.0754920549315649 0.0077417376272603 
0.37500000 0.9767270621970920 0.0821692951660840 0.0092022047637556 
0.40625000 0.9727200329624550 0.0887992741285537 0.0107846677984039 
0.43750000 0.9684034096817420 0.0953771440249066 0.0124877447344920 
0.46875000 0.9637798890721850 0.1018992624337690 0.0143105241614341 
0.50000000 0.9588522509965840 0.1083617712183160 0.0162508325785780 
0.53125000 0.9536228312663330 0.1147609387316410 0.0183075841569366 
0.56250000 0.9480950178934270 0.1210941678938560 0.0204785192827530 
0.59375000 0.9422724910480040 0.1273556907698670 0.0227625533560629 
0.62500000 0.9361578302034940 0.1335442582986440 0.0251570640575703 
0.65625000 0.9297547140032730 0.1396547680772950 0.0276602733303587 
0.68750000 0.9230675599801970 0.1456837292718410 0.0302705187536226 
0.71875000 0.9160997930570840 0.1516281683935650 0.0329851651931138 
0.75000000 0.9088548453270540 0.1574850613413010 0.0358019153738246 
0.78125000 0.9013379389073810 0.1632505664591690 0.0387184152320001 
0.81250000 0.8935533009586540 0.1689214744432020 0.0417322545709192 
0.84375000 0.8855043320230360 0.1744946125437870 0.0448412408027854 
0.87500000 0.8771968230751670 0.1799672005366660 0.0480425393931545 
0.90625000 0.8686356049527570 0.1853360440712490 0.0513334102155886 
0.93750000 0.8598244721605380 0.1905979171643730 0.0547110916472578 
0.96875000 0.8507696855326530 0.1957496784603660 0.0581727466581739 
1.00000000 0.8414762235975810 0.2007886710341360 0.0617154650278921 
1.03125000 0.8319486596949290 0.2057134150234750 0.0653362660160032 
1.06250000 0.8221936136753110 0.2105193955435450 0.0690322603151556 
1.09375000 0.8122155343318190 0.2152046817277850 0.0728004111605565 
1.12500000 0.8020209211902180 0.2197676589224300 0.0766372888265375 
1.15625000 0.7916158364607660 0.2242040250603610 0.0805396302870695 
1.18750000 0.7810050425055900 0.2285139245247660 0.0845041328159723 
1.21875000 0.7701958623834410 0.2326924159430930 0.0885274583946489 
1.25000000 0.7591936622138930 0.2367399910752200 0.0926062312866833 
1.28125000 0.7480047105277130 0.2406517904069390 0.0967373904800972 
1.31250000 0.7366362164866730 0.2444288944948930 0.1009175192796780 
1.34375000 0.7250930689049080 0.2480670723903870 0.1051423667841310 
1.37500000 0.7133831057840770 0.2515651069964450 0.1094084691505400 
1.40625000 0.7015125081639850 0.2549223953538800 0.1137123209770710 
1.43750000 0.6894875468410940 0.2581355006992360 0.1180514839262100 
1.46875000 0.6773160653290390 0.2612043911096430 0.1224206697654140 
1.50000000 0.6650032559030150 0.2641276307050110 0.1268163583530650 
1.53125000 0.6525574791363910 0.2669028188734350 0.1312355841820140 
1.56250000 0.6399846846930690 0.2695291632323690 0.1356746693109160 
1.59375000 0.6272924217881690 0.2720068437194240 0.1401287130692670 
1.62500000 0.6144878852560100 0.2743335757169310 0.1445945674997570 
1.65625000 0.6015772721040830 0.2765082315226680 0.1490695312885800 
1.68750000 0.5885691014124820 0.2785302407346300 0.1535478240028550 
1.71875000 0.5754687321382330 0.2804002001836410 0.1580266232387550 
1.75000000 0.5622850409773670 0.2821164158160710 0.1625029230813540 
1.78125000 0.5490242686421760 0.2836783196398950 0.1669710347063390 
1.81250000 0.5356937326150850 0.2850854436492300 0.1714288274622870 
1.84375000 0.5223013409704150 0.2863374385758340 0.1758718167803810 
1.87500000 0.5088531963890460 0.2874351368103180 0.1802954145201680 
1.90625000 0.4953581013752640 0.2883780155309670 0.1846979843431000 
1.93750000 0.4818214554325850 0.2891658405592690 0.1890734577010230 
1.96875000 0.4682523795931700 0.2897987641344340 0.1934191928511970 
2.00000000 0.4546565888558130 0.2902770119091860 0.1977317556608900 
2.03125000 0.4410424602341680 0.2906009215973870 0.2020060839652090 
2.06250000 0.4274163662871390 0.2907709610968770 0.2062404992151260 
2.09375000 0.4137861062652350 0.2907876717046240 0.2104293803941050 
2.12500000 0.4001587651799580 0.2906516419552410 0.2145702420905810 
2.15625000 0.3865409690266800 0.2903636902838550 0.2186593866829840 
2.18750000 0.3729408170469420 0.2899249523186760 0.2226922884594180 
2.21875000 0.3593639576205500 0.2893362399495610 0.2266674924041270 
2.25000000 0.3458191750095410 0.2885984153229370 0.2305792029769080 
2.28125000 0.3323113323269730 0.2877126660608940 0.2344257862083710 
2.31250000 0.3188496336438870 0.2866802303867860 0.2382027152985040 
2.34375000 0.3054385430030520 0.2855023944921870 0.2419071135779220 
2.37500000 0.2920868794346220 0.2841805695490380 0.2455361093741180 
2.40625000 0.2788000830626630 0.2827163070396690 0.2490852510833820 
2.43750000 0.2655853512540150 0.2811112135794960 0.2525535180018820 
2.46875000 0.2524493434229040 0.2793669061202680 0.2559354228079480 
2.50000000 0.2393978535374450 0.2774852239654920 0.2592300321530950 
2.53125000 0.2264384844980400 0.2754680415475630 0.2624326694670310 
2.56250000 0.2135758611878070 0.2733172801475790 0.2655417990657190 
2.59375000 0.2008183221465330 0.2710352819255950 0.2685537108661520 
2.62500000 0.1881694477725920 0.2686238925033310 0.2714660879252260 
2.65625000 0.1756381010116790 0.2660851049941190 0.2742763702872840 
2.68750000 0.1632271362239360 0.2634213823090130 0.2769813323942120 
2.71875000 0.1509450362895610 0.2606350119928870 0.2795797261367970 
2.75000000 0.1387957132003650 0.2577283282172260 0.2820672935569100 
2.78125000 0.1267857376791310 0.2547039356411540 0.2844441233396800 
2.81250000 0.1149203578495590 0.2515643437441270 0.2867051721758540 
2.84375000 0.1032043060548210 0.2483122335100230 0.2888512752704150 
2.87500000 0.0916437415742737 0.2449504029380150 0.2908772707494240 
2.90625000 0.0802427887826747 0.2414814613775590 0.2927842887494870 
2.93750000 0.0690077085558967 0.2379084501972970 0.2945673223130400 
2.96875000 0.0579413486512007 0.2342342913215620 0.2962277401138370 
3.00000000 0.0470508425536811 0.2304615400929930 0.2977607230929270 
3.03125000 0.0363380579032960 0.2265933424484340 0.2991677166915620 
3.06250000 0.0258102071079197 0.2226326971875530 0.3004442510905420 
3.09375000 0.0154686094580075 0.2185827789302020 0.3015918995200890 
3.12500000 0.0053204091700920 0.2144467081783590 0.3026063765417940 
3.15625000 -0.0046335225619181 0.2102277123074770 0.3034894411520990 
3.18750000 -0.0143864028978567 0.2059290052111360 0.3042370990016010 
3.21875000 -0.0239372270160470 0.2015539000397160 0.3048512643475100 
3.25000000 -0.0332801508744959 0.1971056450899580 0.3053280921412040 
3.28125000 -0.0424138408544704 0.1925875195082750 0.3056697710310260 
3.31250000 -0.0513333833046715 0.1880030088904090 0.3058726670588420 
3.34375000 -0.0600371983518429 0.1833554614444020 0.3059391878335750 
3.37500000 -0.0685211780126379 0.1786483776882380 0.3058658250495940 
3.40625000 -0.0767836949696772 0.1738851677181490 0.3056552929934240 
3.43750000 -0.0848212128242443 0.1690693283946340 0.3053042600019340 
3.46875000 -0.0926322615390499 0.1642042612417940 0.3048156852961250 
3.50000000 -0.1002137722074400 0.1592936152910760 0.3041863472226540 
3.53125000 -0.1075644762209050 0.1543409088707540 0.3034195495412940 
3.56250000 -0.1146817551924130 0.1493497193497090 0.3025122087427410 
3.59375000 -0.1215645619578720 0.1443235831817930 0.3014678959192790 
3.62500000 -0.1282107109229940 0.1392660554689580 0.3002838442734460 
3.65625000 -0.1346194163913090 0.1341805794734010 0.2989633058289320 
3.68750000 -0.1407888414364650 0.1290707211322830 0.2975045200316530 
3.71875000 -0.1467185952247800 0.1239402461839140 0.2959101724412770 
3.75000000 -0.1524070706370370 0.1187926807748660 0.2941794228147490 
3.78125000 -0.1578543209839280 0.1136316003156630 0.2923144491317140 
3.81250000 -0.1630589716095260 0.1084605180474030 0.2903154085421240 
3.84375000 -0.1680214979459720 0.1032828823428620 0.2881838276681820 
3.87500000 -0.1727407802779820 0.0981019675325542 0.2859208716089100 
3.90625000 -0.1772176865775460 0.0929217251286203 0.2835275719385210 
3.93750000 -0.1814513792990270 0.0877456358828912 0.2810059512873100 
3.96875000 -0.1854430825382550 0.0825770773752492 0.2783565369063140 
4.00000000 -0.1891922678214090 0.0774195589056973 0.2755822687960260 
4.03125000 -0.1927004948007780 0.0722761244090522 0.2726831882798430 
4.06250000 -0.1959675397514360 0.0671501862994408 0.2696630001300080 
4.09375000 -0.1989952876846920 0.0620455323081279 0.2665214105266910 
4.12500000 -0.2017838436494300 0.0569654700516186 0.2632628245506760 
4.15625000 -0.2043353606667740 0.0519131383804310 0.2598866414735830 
4.18750000 -0.2066503253077700 0.0468918527981084 0.2563978577023130 
4.21875000 -0.2087311663583420 0.0419039780843383 0.2527961704807680 
4.25000000 -0.2105782804895310 0.0369537107532173 0.2490855865357800 
4.28125000 -0.2121953499934070 0.0320440901093991 0.2452676052466110 
4.31250000 -0.2135823045032920 0.0271781221655745 0.2413448618794870 
4.34375000 -0.2147431375979290 0.0223587691103708 0.2373203918908580 
4.37500000 -0.2156783585621860 0.0175880232559559 0.2331957644569630 
4.40625000 -0.2163919173405170 0.0128700523659106 0.2289752273969930 
4.43750000 -0.2168851847908640 0.0082076502450898 0.2246598047238790 
4.46875000 -0.2171614311146990 0.0036035340178429 0.2202540738456420 
4.50000000 -0.2172231344525620 -0.0009400146525113 0.2157592686580910 
4.53125000 -0.2170733869933720 -0.0054206961066027 0.2111799250912600 
4.56250000 -0.2167152033564940 -0.0098347404437011 0.2065178367275820 
4.59375000 -0.2161515878495500 -0.0141797317602641 0.2017767626934080 
4.62500000 -0.2153861738683190 -0.0184533993871156 0.1969595658158860 
4.65625000 -0.2144217794717620 -0.0226545511564868 0.1920694902182130 
4.68750000 -0.2132627207716860 -0.0267793324787225 0.1871099045441200 
4.71875000 -0.2119115522373790 -0.0308253261056995 0.1820838808897330 
4.75000000 -0.2103733108601680 -0.0347906054409727 0.1769950120230420 
4.78125000 -0.2086502409295710 -0.0386743253562290 0.1718464361228880 
4.81250000 -0.2067480981166010 -0.0424732058153139 0.1666418122699950 
4.84375000 -0.2046688118109740 -0.0461847811128859 0.1613844154970980 
4.87500000 -0.2024188198362830 -0.0498074767208743 0.1560778504612120 
4.90625000 -0.1999997509645960 -0.0533408021851763 0.1507256211048910 
4.93750000 -0.1974186777009050 -0.0567818853040238 0.1453312317715890 
4.96875000 -0.1946774580824200 -0.0601284218536397 0.1398984064720060 
5.00000000 -0.1917822319535430 -0.0633792438836965 0.1344305230329750 
5.03125000 -0.1887365834056880 -0.0665341152235673 0.1289315318596590 
5.06250000 -0.1855453021800170 -0.0695904459017139 0.1234046782850170 
5.09375000 -0.1822134513283970 -0.0725463321331790 0.1178541051494850 
5.12500000 -0.1787449018693580 -0.0754010062879820 0.1122829118933150 
5.15625000 -0.1751455461695820 -0.0781544964419313 0.1066954223546890 
5.18750000 -0.1714188738423050 -0.0808044403191268 0.1010946670648010 
5.21875000 -0.1675711895699700 -0.0833494024276121 0.0954849977426056 
5.25000000 -0.1636059206338540 -0.0857888971436176 0.0898694521654413 
5.28125000 -0.1595295455330440 -0.0881235120291263 0.0842523799832601 
5.31250000 -0.1553456042772980 -0.0903507267977126 0.0786367900462764 
5.34375000 -0.1510603953493000 -0.0924699036110101 0.0730270472012632 
5.37500000 -0.1466779576860410 -0.0944806843164251 0.0674261533349658 
5.40625000 -0.1422040341588380 -0.0963842996738315 0.0618383753875283 
5.43750000 -0.1376433551933270 -0.0981780567390708 0.0562667493528571 
5.46875000 -0.1330012058832120 -0.0998619379454499 0.0507155086720892 
5.50000000 -0.1282826949886160 -0.1014363678117450 0.0451876108389358 
5.53125000 -0.1234928968618790 -0.1029020876825340 0.0396872439895817 
5.56250000 -0.1186370830089430 -0.1042570345531570 0.0342173753603713 
5.59375000 -0.1137202519726610 -0.1055018349023950 0.0287820231257753 
5.62500000 -0.1087477070508730 -0.1066375920231700 0.0233841604248891 
5.65625000 -0.1037244492024090 -0.1076639161218490 0.0180277465543998 
5.68750000 -0.0986557093616997 -0.1085803077573010 0.0127156861245036 
5.71875000 -0.0935465522342552 -0.1093874204510860 0.0074517634569131 
5.75000000 -0.0884020646950516 -0.1100873155794430 0.0022389414186240 
5.78125000 -0.0832274048926968 -0.1106785887496020 -0.0029192318113367 
5.81250000 -0.0780274606887950 -0.1111619381468720 -0.0080197856404522 
5.84375000 -0.0728074700551365 -0.1115387592380570 -0.0130593241097424 
5.87500000 -0.0675721569872103 -0.1118104198809270 -0.0180348802686276 
5.90625000 -0.0623268056412041 -0.1119760373686680 -0.0229434060129636 
5.93750000 -0.0570759033407833 -0.1120370228374760 -0.0277817253801342 
5.96875000 -0.0518248357015226 -0.1119958775058970 -0.0325472263562983 
6.00000000 -0.0465777968830945 -0.1118519585694650 -0.0372365857576816 
6.03125000 -0.0413402919093248 -0.1116063749916710 -0.0418475562673463 
6.06250000 -0.0361161697464804 -0.1112613143106580 -0.0463766512430926 
6.09375000 -0.0309110172521417 -0.1108180598149580 -0.0508221904912055 
6.12500000 -0.0257284770830747 -0.1102766690218620 -0.0551803122680513 
6.15625000 -0.0205739991815495 -0.1096390351103680 -0.0594500186456915 
6.18750000 -0.0154512280973339 -0.1089084535767530 -0.0636270206741805 
6.21875000 -0.0103652455955589 -0.1080838981550060 -0.0677110736768349 
6.25000000 -0.0053198416735714 -0.1071675872970560 -0.0716974009055336 
6.28125000 -0.0003196049988651 -0.1061627622259720 -0.0755866258963836 
6.31250000 0.0046314453999442 -0.1050693872651460 -0.0793734257720624 
6.34375000 0.0095292927684969 -0.1038892726228840 -0.0830592586925650 
6.37500000 0.0143695858043320 -0.1026256987048050 -0.0866384230311263 
6.40625000 0.0191491591817924 -0.1012794138334810 -0.0901128846339651 
6.43750000 0.0238630549932103 -0.0998519210673069 -0.0934770408063377 
6.46875000 0.0285089749610369 -0.0983466456077376 -0.0967327104729798 
6.50000000 0.0330815823639289 -0.0967647820412532 -0.0998752276715575 
6.53125000 0.0375793192988932 -0.0951077563479868 -0.1029055723588830 
6.56250000 0.0419965331700891 -0.0933791960679135 -0.1058201578600760 
6.59375000 0.0463322872089477 -0.0915804053467554 -0.1086193638560220 
6.62500000 0.0505810999593109 -0.0897129470034913 -0.1113007287039380 
6.65625000 0.0547415688532879 -0.0877807306788524 -0.1138637997936070 
6.68750000 0.0588094915784198 -0.0857848183506546 -0.1163071942541470 
6.71875000 0.0627825021464476 -0.0837272195609524 -0.1186298859200530 
6.75000000 0.0666578987601642 -0.0816119301962320 -0.1208313455293850 
6.78125000 0.0704321637838593 -0.0794397935448128 -0.1229102710158910 
6.81250000 0.0741042567261021 -0.0772133426208212 -0.1248666147928770 
6.84375000 0.0776695406521736 -0.0749363286783414 -0.1266989351251690 
6.87500000 0.0811283460790769 -0.0726097023974704 -0.1284078446660000 
6.90625000 0.0844753528680159 -0.0702363842964822 -0.1299916121963350 
6.93750000 0.0877118892904322 -0.0678197237985006 -0.1314514767295700 
6.96875000 0.0908326386861874 -0.0653610795306388 -0.1327855420541950 
7.00000000 0.0938383554205372 -0.0628633359271169 -0.1339954571638500 
7.03125000 0.0967254363739001 -0.0603297486794417 -0.1350793359838960 
7.06250000 0.0994931408686075 -0.0577619002719614 -0.1360393165921320 
7.09375000 0.1021398947992180 -0.0551627680165389 -0.1368733768406180 
7.12500000 0.1046636840877610 -0.0525352371584858 -0.1375841027901070 
7.15625000 0.1070643159139650 -0.0498813400542629 -0.1381694530425080 
7.18750000 0.1093391250031530 -0.0472039956115514 -0.1386323649716550 
7.21875000 0.1114889368469130 -0.0445057890429391 -0.1389708699021830 
7.25000000 0.1135106789805170 -0.0417891455790469 -0.1391882127557110 
7.28125000 0.1154059839381600 -0.0390567975959430 -0.1392824166478860 
7.31250000 0.1171714634828960 -0.0363112394793469 -0.1392571447779170 
7.34375000 0.1188094775053450 -0.0335550909031607 -0.1391103879632190 
7.37500000 0.1203164742580130 -0.0307908812780929 -0.1388462181100180 
7.40625000 0.1216954540209090 -0.0280211211112970 -0.1384625818445200 
7.43750000 0.1229431590852270 -0.0252484939634319 -0.1379638421968440 
7.46875000 0.1240619266168930 -0.0224753030260076 -0.1373480192590050 
7.50000000 0.1250499196538640 -0.0197041517076424 -0.1366197964847160 
7.53125000 0.1259086324669810 -0.0169377069775429 -0.1357774513262540 
7.56250000 0.1266375332351690 -0.0141779811528513 -0.1348252837685550 
7.59375000 0.1272372796453530 -0.0114277714365223 -0.1337624766924450 
7.62500000 0.1277086076472750 -0.0086896277932778 -0.1325927539920110 
7.65625000 0.1280514461473660 -0.0059652114234392 -0.1313161991194600 
7.68750000 0.1282675744546990 -0.0032576391166179 -0.1299358713774830 
7.71875000 0.1283563979153820 -0.0005692077349883 -0.1284529052589540 
7.75000000 0.1283206288457180 0.0020987845845685 -0.1268695899376530 
7.78125000 0.1281592209366680 0.0047428234594777 -0.1251880720801400 
7.81250000 0.1278757196834130 0.0073612213444410 -0.1234099244060950 
7.84375000 0.1274687354969850 0.0099523229241470 -0.1215382637387870 
7.87500000 0.1269424492121280 0.0125128659265922 -0.1195739998851540 
7.90625000 0.1262953994356150 0.0150417568841279 -0.1175211396376410 
7.93750000 0.1255320155074700 0.0175366654966347 -0.1153799739634510 
7.96875000 0.1246515126570540 0.0199948304721280 -0.1131553088122750 
8.00000000 0.1236571990217100 0.0224158283060843 -0.1108469081079920 
8.03125000 0.1225501324050430 0.0247964026135385 -0.1084603071224630 
8.06250000 0.1213323116339280 0.0271345486048358 -0.1059952065290900 
8.09375000 0.1200062517605650 0.0294304222233788 -0.1034565595807380 
8.12500000 0.1185731403049530 0.0316798141441365 -0.1008453979022950 
8.15625000 0.1170361872147270 0.0338822800022579 -0.0981652365057898 
8.18750000 0.1153964186714560 0.0360364451552694 -0.0954187899437765 
8.21875000 0.1136578068824380 0.0381391977422338 -0.0926083169672977 
8.25000000 0.1118206174143280 0.0401911612716546 -0.0897375987543426 
8.28125000 0.1098898555641490 0.0421890411001468 -0.0868082545458056 
8.31250000 0.1078654099938810 0.0441314360300177 -0.0838245919314374 
8.34375000 0.1057523621819030 0.0460192097539701 -0.0807881146157397 
8.37500000 0.1035515712576200 0.0478478421493075 -0.0777031553731698 
8.40625000 0.1012664392214760 0.0496186318216462 -0.0745713140311785 
8.43750000 0.0989000794303167 0.0513290921133331 -0.0713969073314618 
8.46875000 0.0964541681398003 0.0529773448168914 -0.0681818765043128 
8.50000000 0.0939334684267716 0.0545654619911002 -0.0649299685633330 
8.53125000 0.0913385314374477 0.0560886912449319 -0.0616437793307638 
8.56250000 0.0886750984553130 0.0575484166641336 -0.0583265798414046 
8.59375000 0.0859440032158904 0.0589431142361733 -0.0549813955808799 
8.62500000 0.0831492520211047 0.0602708041733795 -0.0516112490375302 
8.65625000 0.0802939580606327 0.0615337242888936 -0.0482193079591959 
8.68750000 0.0773805886726074 0.0627278317973993 -0.0448085366903641 
8.71875000 0.0744134816191614 0.0638543895218401 -0.0413821157428654 
8.75000000 0.0713944769785285 0.0649129089646149 -0.0379430426164160 
8.78125000 0.0683282275008501 0.0659010751073972 -0.0344944004280959 
8.81250000 0.0652167316405485 0.0668214619409920 -0.0310392914473552 
8.84375000 0.0620640568888800 0.0676708775034397 -0.0275806291603139 
8.87500000 0.0588731301763555 0.0684501075018183 -0.0241216691508261 
8.90625000 0.0556472197830819 0.0691599255932642 -0.0206650916921920 
8.93750000 0.0523899037522525 0.0697978279179625 -0.0172143239409377 
8.96875000 0.0491040777301518 0.0703664154769802 -0.0137718041926565 
9.00000000 0.0457935317790098 0.0708634838374194 -0.0103411413038948 
9.03125000 0.0424611716062678 0.0712893527840628 -0.0069244687916579 
9.06250000 0.0391105845865659 0.0716461511434902 -0.0035255151305496 
9.09375000 0.0357449407707000 0.0719309844867968 -0.0001462976637935 
9.12500000 0.0323675496187436 0.0721466669870634 0.0032095081350334 
9.15625000 0.0289817360342338 0.0722918107956394 0.0065398956252625 
9.18750000 0.0255907658878680 0.0723666034604680 0.0098414218712709 
9.21875000 0.0221978352789404 0.0723738473833798 0.0131118998085930 
9.25000000 0.0188063481655185 0.0723107092416334 0.0163483144418649 
9.28125000 0.0154192205211699 0.0721802285286979 0.0195481800280971 
9.31250000 0.0120400877929799 0.0719816308851113 0.0227089421992636 
9.34375000 0.0086715192975818 0.0717151527057963 0.0258278141016708 
9.37500000 0.0053172592560367 0.0713840061561276 0.0289027931944572 
9.40625000 0.0019799129119465 0.0709855882422264 0.0319307296608732 
9.43750000 -0.0013371682560109 0.0705232930651959 0.0349101831449404 
9.46875000 -0.0046309969559590 0.0699964981825321 0.0378376037466625 
9.50000000 -0.0078988170754360 0.0694058576113051 0.0407122266160359 
9.53125000 -0.0111371876501016 0.0687547274234804 0.0435300122993120 
9.56250000 -0.0143439928026338 0.0680407991685800 0.0462909773690760 
9.59375000 -0.0175153251299771 0.0672679361011775 0.0489905316463954 
9.62500000 -0.0206497425781579 0.0664353836414967 0.0516294586130187 
9.65625000 -0.0237430599503529 0.0655446421084995 0.0542030285534501 
9.68750000 -0.0267939644144898 0.0645982675396213 0.0567116576609260 
9.71875000 -0.0297987256755354 0.0635951381871034 0.0591518055692338 
9.75000000 -0.0327553525876282 0.0625392454866695 0.0615226968233444 
9.78125000 -0.0356613047126393 0.0614294031871457 0.0638223606609596 
9.81250000 -0.0385136016356324 0.0602685656384497 0.0660487009712895 
9.84375000 -0.0413109659773857 0.0590577607894864 0.0682014302172330 
9.87500000 -0.0440494638688769 0.0577973358876835 0.0702769329294581 
9.90625000 -0.0467289267949726 0.0564914715080305 0.0722768309560232 
9.93750000 -0.0493448426294973 0.0551383774004559 0.0741962610190763 
9.96875000 -0.0518974615977581 0.0537424393232497 0.0760378112462066 
10.00000000 -0.0543829400672367 0.0523030371683995 0.0777964371430545 
10.03125000 -0.0568000273331503 0.0508231124816192 0.0794745805821572 
10.06250000 -0.0591472105682605 0.0493039327570251 0.0810685146693124 
10.09375000 -0.0614213523488410 0.0477464787799579 0.0825787794289970 
10.12500000 -0.0636229191489455 0.0461542547014347 0.0840040650291630 
10.15625000 -0.0657471935936289 0.0445264868031330 0.0853431359227217 
10.18750000 -0.0677965197952915 0.0428675112798067 0.0865965800607022 
10.21875000 -0.0697659859168299 0.0411767492357579 0.0877618454005365 
10.25000000 -0.0716559605359173 0.0394576468575482 0.0888407274211670 
10.28125000 -0.0734648647646382 0.0377109612856850 0.0898300067745237 
10.31250000 -0.0751904063520812 0.0359388727534706 0.0907325353999866 
10.34375000 -0.0768336571019977 0.0341433855559520 0.0915444625095381 
10.37500000 -0.0783905093161865 0.0323256802339213 0.0922692255082505 
10.40625000 -0.0798635711864664 0.0304886848528596 0.0929031655469999 
10.43750000 -0.0812485840508351 0.0286329623099934 0.0934492336137190 
10.46875000 -0.0825471684690130 0.0267614180511966 0.0939052218311669 
10.50000000 -0.0837573901889827 0.0248751196115150 0.0942725131731071 
10.53125000 -0.0848785585198202 0.0229763900162185 0.0945506677811322 
10.56250000 -0.0859111496047472 0.0210669185678940 0.0947399550608451 
10.59375000 -0.0868528194800107 0.0191484843076754 0.0948412540333698 
10.62500000 -0.0877058541031815 0.0172231869119135 0.0948538945832283 
10.65625000 -0.0884667838685348 0.0152926078676232 0.0947798896228270 
10.68750000 -0.0891390322965290 0.0133587451199966 0.0946178144139336 
10.71875000 -0.0897192971601950 0.0114233648865104 0.0943706450725116 
10.75000000 -0.0902094021704748 0.0094883281044836 0.0940364017783375 
10.78125000 -0.0906087542681127 0.0075554003736463 0.0936188673877408 
10.81250000 -0.0909171173744410 0.0056265460940793 0.0931155472492854 
10.84375000 -0.0911360141740567 0.0037031930050415 0.0925309480140425 
10.87500000 -0.0912637065475134 0.0017876645233033 0.0918628410280285 
10.90625000 -0.0913032177381278 -0.0001189606122673 0.0911145455833983 
10.93750000 -0.0912519807724269 -0.0020142652330875 0.0902856949865973 
10.96875000 -0.0911138970047716 -0.0038970113648446 0.0893783420823657 
11.00000000 -0.0908867841061265 -0.0057652741312079 0.0883934519221283 
11.03125000 -0.0905729445554749 -0.0076172585309146 0.0873319442897210 
11.06250000 -0.0901726211675176 -0.0094518315921474 0.0861962810884139 
11.09375000 -0.0896862803709543 -0.0112664728282610 0.0849861986059544 
11.12500000 -0.0891161487771829 -0.0130608688882011 0.0837054002491035 
11.15625000 -0.0884612132894770 -0.0148319571249277 0.0823527673663231 
11.18750000 -0.0877253204166501 -0.0165795589885812 0.0809329481294643 
11.21875000 -0.0869065251861679 -0.0183010874780472 0.0794445379532488 
11.25000000 -0.0860092100921886 -0.0199956377483207 0.0778919927978856 
11.28125000 -0.0850318038125579 -0.0216617877035996 0.0762750066336123 
11.31250000 -0.0839779238832075 -0.0232973537874201 0.0745964303787312 
11.34375000 -0.0828477238213872 -0.0249025744472217 0.0728579842705219 
11.37500000 -0.0816427962240702 -0.0264739571362392 0.0710608547205168 
11.40625000 -0.0803656080851660 -0.0280125913634127 0.0692084929942981 
11.43750000 -0.0790160483080743 -0.0295147791807336 0.0673006946578104 
11.46875000 -0.0775982399828417 -0.0309814337015719 0.0653422238207393 
11.50000000 -0.0761111849484943 -0.0324096682607118 0.0633323513617428 
11.53125000 -0.0745593456670306 -0.0337994388509686 0.0612755333005830 
11.56250000 -0.0729426823823225 -0.0351492139202028 0.0591723902063742 
11.59375000 -0.0712635388853303 -0.0364575650959569 0.0570254271803007 
11.62500000 -0.0695246378246492 -0.0377247758915406 0.0548373879833780 
11.65625000 -0.0677261826180517 -0.0389474451996308 0.0526093652060903 
11.68750000 -0.0658728440526752 -0.0401283441391959 0.0503451231740188 
11.71875000 -0.0639641587558452 -0.0412621679591280 0.0480451292774940 
11.75000000 -0.0620038928282251 -0.0423526229137730 0.0457135824338406 
11.78125000 -0.0599936841165600 -0.0433945258899864 0.0433512376365613 
11.81250000 -0.0579349520361677 -0.0443911751595536 0.0409612892963355 
11.84375000 -0.0558317591692954 -0.0453382417603022 0.0385456733654011 
11.87500000 -0.0536840821833640 -0.0462381573435072 0.0361067162997546 
11.90625000 -0.0514965084633318 -0.0470880418105815 0.0336471196438236 
11.93750000 -0.0492698134092699 -0.0478886876453736 0.0311687386664969 
11.96875000 -0.0470065256981584 -0.0486390162887605 0.0286745075781071 
12.00000000 -0.0447097985136440 -0.0493384614943069 0.0261662333953710 
12.03125000 -0.0423807457722518 -0.0499876982672736 0.0236467934463500 
12.06250000 -0.0400232440939173 -0.0505841407638538 0.0211181928773375 
12.09375000 -0.0376384631036254 -0.0511309153844694 0.0185829977347228 
12.12500000 -0.0352295310906266 -0.0516235817560930 0.0160435002857374 
12.15625000 -0.0327987279029152 -0.0520662796212765 0.0135020369307226 
12.18750000 -0.0303482118197453 -0.0524547551580908 0.0109610011509549 
12.21875000 -0.0278809635274072 -0.0527925670182897 0.0084227278851483 
12.25000000 -0.0253988507665708 -0.0530764790562226 0.0058894620782488 
12.28125000 -0.0229049137322247 -0.0533090239236896 0.0033637136377411 
12.31250000 -0.0204012482476885 -0.0534883242098078 0.0008474332445556 
12.34375000 -0.0178903378501568 -0.0536157590132626 -0.0016566065650452 
12.37500000 -0.0153747427821873 -0.0536910178936074 -0.0041468407808355 
12.40625000 -0.0128568303148630 -0.0537136521650976 -0.0066202586234345 
12.43750000 -0.0103390251981865 -0.0536856734330652 -0.0090754263212458 
12.46875000 -0.0078238603030115 -0.0536045889945594 -0.0115095399307675 
12.50000000 -0.0053135313666869 -0.0534744742890178 -0.0139207981998152 
12.53125000 -0.0028106302420647 -0.0532915628358234 -0.0163070641933584 
12.56250000 -0.0003174605529613 -0.0530602200679950 -0.0186659774095672 
12.59375000 0.0021637482093830 -0.0527772284095910 -0.0209960174441857 
12.62500000 0.0046303052043594 -0.0524463920223325 -0.0232943248765731 
12.65625000 0.0070805469270664 -0.0520655159114345 -0.0255601220449005 
12.68750000 0.0095113807997950 -0.0516373347250308 -0.0277899592909198 
12.71875000 0.0119214425801686 -0.0511608849790123 -0.0299837679008724 
12.75000000 0.0143078249684046 -0.0506379469087273 -0.0321377854483100 
12.78125000 0.0166685554974351 -0.0500688478819280 -0.0342518687628029 
12.81250000 0.0190017852587617 -0.0494539579100051 -0.0363230944635281 
12.84375000 0.0213046257340982 -0.0487951475473975 -0.0383501462760318 
12.87500000 0.0235762386114461 -0.0480914018727914 -0.0403316814388591 
12.90625000 0.0258131162005561 -0.0473464293805450 -0.0422650602149454 
12.93750000 0.0280147608128701 -0.0465576380885056 -0.0441503643400534 
12.96875000 0.0301781167695617 -0.0457298860919482 -0.0459838097062793 
13.00000000 0.0323015976285969 -0.0448601385928471 -0.0477667993544822 
13.03125000 0.0343838256069357 -0.0439531662621767 -0.0494949185957989 
13.06250000 0.0364217774482272 -0.0430066113909362 -0.0511694346994382 
13.09375000 0.0384155674168419 -0.0420246239043210 -0.0527873030769999 
13.12500000 0.0403614267224417 -0.0410054043139383 -0.0543475613120615 
13.15625000 0.0422594847341875 -0.0399529514589950 -0.0558501459303346 
13.18750000 0.0441071785882914 -0.0388657959474066 -0.0572916066672474 
13.21875000 0.0459026711420258 -0.0377473632773213 -0.0586742530707351 
13.25000000 0.0476458840821536 -0.0365969202475837 -0.0599931570209130 
13.28125000 0.0493329642504426 -0.0354175564570098 -0.0612513209986877 
13.31250000 0.0509658638030153 -0.0342087828671210 -0.0624449327827935 
13.34375000 0.0525403911274143 -0.0329734438127496 -0.0635742614766831 
13.37500000 0.0540563674299758 -0.0317114692640839 -0.0646389852433997 
13.40625000 0.0555133620758622 -0.0304254612049801 -0.0656367303610648 
13.43750000 0.0569078457824111 -0.0291154904379076 -0.0665695211500213 
13.46875000 0.0582424827869055 -0.0277841915444440 -0.0674334483438030 
13.50000000 0.0595127700201571 -0.0264318361482710 -0.0682319793236942 
13.53125000 0.0607197828706474 -0.0250605954267272 -0.0689609294862915 
13.56250000 0.0618623249347230 -0.0236713001928683 -0.0696224973903470 
13.59375000 0.0629380354288164 -0.0222657454419474 -0.0702151365389497 
13.62500000 0.0639493895088103 -0.0208450560630806 -0.0707384657081879 
13.65625000 0.0648919546847803 -0.0194109525552405 -0.0711935694045765 
13.68750000 0.0657686369450435 -0.0179646148222583 -0.0715780775604770 
13.71875000 0.0665765187539969 -0.0165075266751313 -0.0718950058628021 
13.75000000 0.0673154248057019 -0.0150412495603688 -0.0721408318915168 
13.78125000 0.0679865134905248 -0.0135670555665002 -0.0723195476219974 
13.81250000 0.0685866792060797 -0.0120865151101242 -0.0724276491990316 
13.84375000 0.0691192446702217 -0.0106009489572414 -0.0724678124478264 
13.87500000 0.0695805966405202 -0.0091119551268310 -0.0724391353115897 
13.90625000 0.0699728612528348 -0.0076208020324346 -0.0723418680412416 
13.93750000 0.0702952061114578 -0.0061290245382618 -0.0721774953413303 
13.96875000 0.0705468515033166 -0.0046380331074025 -0.0719444945426542 
14.00000000 0.0707298185167357 -0.0031491646452104 -0.0716460494680293 
