-2 0.135353571285047
-1.875 0.153375045694913
-1.75 0.173796062544476
-1.625 0.196935990922858
-1.5 0.223156750498851
-1.375 0.252866760401135
-1.25 0.286532651525072
-1.125 0.324680965872165
-1 0.367908333082887
-0.875 0.416890837058586
-0.75 0.472394617227045
-0.625 0.535287920183178
-0.5 0.606554813533112
-0.375 0.687310637331298
-0.25 0.77881372514483
-0.125 0.88250031149599
0 1
0.125 1.13314407595486
0.25 1.28400407917058
0.375 1.45494619999309
0.5 1.64865561642338
0.625 1.86815349701483
0.75 2.11687424778461
0.875 2.39870947285768
1 2.71806836126951
1.125 3.07994648628009
1.25 3.49000365116329
1.375 3.95465184278729
1.5 4.48115505251161
1.625 5.07779200395987
1.75 5.75387028543347
1.875 6.51996545767398
2 7.38805774022802
2.125 8.37146197553671
2.25 9.48607035834908
2.375 10.7490070992468
2.5 12.1801254851331
2.625 13.801811046946
2.75 15.6392711976609
2.875 17.7216535611394
3 20.0807506046503
3.125 22.754771136672
3.25 25.7839716354788
3.375 29.2173071854472
3.5 33.1070232615943
3.625 37.515133400805
3.75 42.5099495692619
3.875 48.1692705946297
4 54.5833971729432
4.125 61.8456917624528
4.25 70.0813756078571
4.375 79.4131205286105
4.5 89.985530843549
4.625 101.963185142648
4.75 115.541153619659
4.875 130.92590648288
5 148.355456833588
