0.00000000 0.0000000000000000
0.10000000 0.0958851077208406
0.20000000 0.1917702154416810
0.30000000 0.2876553231625220
0.40000000 0.3835404308833620
0.50000000 0.4794255386042030
0.60000000 0.5518346278449420
0.70000000 0.6242437170856800
0.80000000 0.6966528063264190
0.90000000 0.7690618955671580
1.00000000 0.8414709848078970
1.10000000 0.8726757851671280
1.20000000 0.9038805855263600
1.30000000 0.9350853858855910
1.40000000 0.9662901862448230
1.50000000 0.9974949866040540
1.60000000 0.9798554746483800
1.70000000 0.9622159626927050
1.80000000 0.9445764507370310
1.90000000 0.9269369387813560
2.00000000 0.9092974268256810
2.10000000 0.8471323702813360
2.20000000 0.7849673137369910
2.30000000 0.7228022571926460
2.40000000 0.6606372006483010
2.50000000 0.5984721441039560
2.60000000 0.5070017168951380
2.70000000 0.4155312896863200
2.80000000 0.3240608624775020
2.90000000 0.2325904352686840
3.00000000 0.1411200080598660
3.10000000 0.0427393609099684
3.20000000 -0.0556412862399291
3.30000000 -0.1540219333898270
3.40000000 -0.2524025805397240
3.50000000 -0.3507832276896210
3.60000000 -0.4319870812132830
3.70000000 -0.5131909347369450
3.80000000 -0.5943947882606070
3.90000000 -0.6755986417842680
4.00000000 -0.7568024953079290
4.10000000 -0.8009480197793630
4.20000000 -0.8450935442507960
4.30000000 -0.8892390687222300
4.40000000 -0.9333845931936630
4.50000000 -0.9775301176650970
4.60000000 -0.9738089490647050
4.70000000 -0.9700877804643140
4.80000000 -0.9663666118639220
4.90000000 -0.9626454432635300
5.00000000 -0.9589242746631390
5.10000000 -0.9082474848445900
5.20000000 -0.8575706950260410
5.30000000 -0.8068939052074920
5.40000000 -0.7562171153889430
5.50000000 -0.7055403255703940
5.60000000 -0.6203153600961020
5.70000000 -0.5350903946218090
5.80000000 -0.4498654291475160
5.90000000 -0.3646404636732230
6.00000000 -0.2794154981989300
6.10000000 -0.1805084009415830
6.20000000 -0.0816013036842353
6.30000000 0.0173057935731126
6.40000000 0.1162128908304610
6.50000000 0.2151199880878080
6.60000000 0.3034933102140040
6.70000000 0.3918666323401980
6.80000000 0.4802399544663920
6.90000000 0.5686132765925870
7.00000000 0.6569865987187810
