0.00000000 0.0000000000000000
0.05000000 0.0479425538604203
0.10000000 0.0958851077208406
0.15000000 0.1438276615812610
0.20000000 0.1917702154416810
0.25000000 0.2397127693021020
0.30000000 0.2876553231625220
0.35000000 0.3355978770229420
0.40000000 0.3835404308833620
0.45000000 0.4314829847437830
0.50000000 0.4794255386042030
0.55000000 0.5156300832245720
0.60000000 0.5518346278449420
0.65000000 0.5880391724653110
0.70000000 0.6242437170856800
0.75000000 0.6604482617060500
0.80000000 0.6966528063264190
0.85000000 0.7328573509467890
0.90000000 0.7690618955671580
0.95000000 0.8052664401875270
1.00000000 0.8414709848078970
1.05000000 0.8570733849875120
1.10000000 0.8726757851671280
1.15000000 0.8882781853467440
1.20000000 0.9038805855263600
1.25000000 0.9194829857059760
1.30000000 0.9350853858855910
1.35000000 0.9506877860652070
1.40000000 0.9662901862448230
1.45000000 0.9818925864244390
1.50000000 0.9974949866040540
1.55000000 0.9886752306262170
1.60000000 0.9798554746483800
1.65000000 0.9710357186705430
1.70000000 0.9622159626927050
1.75000000 0.9533962067148680
1.80000000 0.9445764507370310
1.85000000 0.9357566947591930
1.90000000 0.9269369387813560
1.95000000 0.9181171828035190
2.00000000 0.9092974268256810
2.05000000 0.8782148985535090
2.10000000 0.8471323702813360
2.15000000 0.8160498420091640
2.20000000 0.7849673137369920
2.25000000 0.7538847854648190
2.30000000 0.7228022571926470
2.35000000 0.6917197289204740
2.40000000 0.6606372006483020
2.45000000 0.6295546723761300
2.50000000 0.5984721441039570
2.55000000 0.5527369304995490
2.60000000 0.5070017168951400
2.65000000 0.4612665032907310
2.70000000 0.4155312896863220
2.75000000 0.3697960760819140
2.80000000 0.3240608624775050
2.85000000 0.2783256488730960
2.90000000 0.2325904352686870
2.95000000 0.1868552216642780
3.00000000 0.1411200080598700
3.05000000 0.0919296844849213
3.10000000 0.0427393609099728
3.15000000 -0.0064509626649758
3.20000000 -0.0556412862399243
3.25000000 -0.1048316098148730
3.30000000 -0.1540219333898210
3.35000000 -0.2032122569647700
3.40000000 -0.2524025805397180
3.45000000 -0.3015929041146670
3.50000000 -0.3507832276896150
3.55000000 -0.3913851544514470
3.60000000 -0.4319870812132780
3.65000000 -0.4725890079751080
3.70000000 -0.5131909347369390
3.75000000 -0.5537928614987700
3.80000000 -0.5943947882606000
3.85000000 -0.6349967150224310
3.90000000 -0.6755986417842620
3.95000000 -0.7162005685460920
4.00000000 -0.7568024953079230
4.05000000 -0.7788752575436420
4.10000000 -0.8009480197793590
4.15000000 -0.8230207820150760
4.20000000 -0.8450935442507930
4.25000000 -0.8671663064865100
4.30000000 -0.8892390687222260
4.35000000 -0.9113118309579430
4.40000000 -0.9333845931936600
4.45000000 -0.9554573554293770
4.50000000 -0.9775301176650930
4.55000000 -0.9756695333649010
4.60000000 -0.9738089490647060
4.65000000 -0.9719483647645100
4.70000000 -0.9700877804643140
4.75000000 -0.9682271961641180
4.80000000 -0.9663666118639220
4.85000000 -0.9645060275637260
4.90000000 -0.9626454432635310
4.95000000 -0.9607848589633350
5.00000000 -0.9589242746631390
5.05000000 -0.9335858797538690
5.10000000 -0.9082474848445940
5.15000000 -0.8829090899353200
5.20000000 -0.8575706950260450
5.25000000 -0.8322323001167710
5.30000000 -0.8068939052074960
5.35000000 -0.7815555102982210
5.40000000 -0.7562171153889470
5.45000000 -0.7308787204796720
5.50000000 -0.7055403255703980
5.55000000 -0.6629278428332550
5.60000000 -0.6203153600961090
5.65000000 -0.5777028773589620
5.70000000 -0.5350903946218160
5.75000000 -0.4924779118846690
5.80000000 -0.4498654291475230
5.85000000 -0.4072529464103770
5.90000000 -0.3646404636732300
5.95000000 -0.3220279809360840
6.00000000 -0.2794154981989370
6.05000000 -0.2299619495702650
6.10000000 -0.1805084009415910
6.15000000 -0.1310548523129170
6.20000000 -0.0816013036842432
6.25000000 -0.0321477550555692
6.30000000 0.0173057935731047
6.35000000 0.0667593422017787
6.40000000 0.1162128908304530
6.45000000 0.1656664394591270
6.50000000 0.2151199880878010
6.55000000 0.2593066491508990
6.60000000 0.3034933102139970
6.65000000 0.3476799712770940
6.70000000 0.3918666323401910
6.75000000 0.4360532934032880
6.80000000 0.4802399544663850
6.85000000 0.5244266155294830
6.90000000 0.5686132765925800
6.95000000 0.6127999376556770
7.00000000 0.6569865987187740
