0.00000000 0.0000000000000000
0.05000000 0.0519079185081982
0.10000000 0.1029346448724460
0.15000000 0.1530801790927430
0.20000000 0.2023445211690890
0.25000000 0.2507276711014840
0.30000000 0.2982296288899290
0.35000000 0.3448503945344240
0.40000000 0.3905899680349670
0.45000000 0.4354483493915610
0.50000000 0.4794255386042030
0.55000000 0.5222289268928400
0.60000000 0.5635659054774180
0.65000000 0.6034364743579360
0.70000000 0.6418406335343950
0.75000000 0.6787783830067940
0.80000000 0.7142497227751340
0.85000000 0.7482546528394140
0.90000000 0.7807931731996340
0.95000000 0.8118652838557950
1.00000000 0.8414709848078970
1.05000000 0.8690164713159230
1.10000000 0.8939079386398580
1.15000000 0.9161453867797010
1.20000000 0.9357288157354540
1.25000000 0.9526582255071150
1.30000000 0.9669336160946850
1.35000000 0.9785549874981640
1.40000000 0.9875223397175520
1.45000000 0.9938356727528490
1.50000000 0.9974949866040540
1.55000000 0.9987120848395150
1.60000000 0.9976987710275760
1.65000000 0.9944550451682370
1.70000000 0.9889809072614990
1.75000000 0.9812763573073610
1.80000000 0.9713413953058240
1.85000000 0.9591760212568880
1.90000000 0.9447802351605520
1.95000000 0.9281540370168160
2.00000000 0.9092974268256810
2.05000000 0.8882145394051130
2.10000000 0.8649095095730770
2.15000000 0.8393823373295740
2.20000000 0.8116330226746030
2.25000000 0.7816615656081640
2.30000000 0.7494679661302580
2.35000000 0.7150522242408840
2.40000000 0.6784143399400430
2.45000000 0.6395543132277340
2.50000000 0.5984721441039570
2.55000000 0.5559247064469570
2.60000000 0.5126688741349770
2.65000000 0.4687046471680180
2.70000000 0.4240320255460790
2.75000000 0.3786510092691600
2.80000000 0.3325615983372610
2.85000000 0.2857637927503830
2.90000000 0.2382575925085250
2.95000000 0.1900429976116870
3.00000000 0.1411200080598700
3.05000000 0.0918515075109985
3.10000000 0.0426003796229989
3.15000000 -0.0066333756041290
3.20000000 -0.0558497581703851
3.25000000 -0.1050487680757690
3.30000000 -0.1542304053202820
3.35000000 -0.2033946699039230
3.40000000 -0.2525415618266920
3.45000000 -0.3016710810885900
3.50000000 -0.3507832276896150
3.55000000 -0.3990365346093300
3.60000000 -0.4455895348272920
3.65000000 -0.4904422283435020
3.70000000 -0.5335946151579610
3.75000000 -0.5750466952706680
3.80000000 -0.6147984686816230
3.85000000 -0.6528499353908260
3.90000000 -0.6892010953982770
3.95000000 -0.7238519487039770
4.00000000 -0.7568024953079240
4.05000000 -0.7879001254592610
4.10000000 -0.8169922294071260
4.15000000 -0.8440788071515200
4.20000000 -0.8691598586924440
4.25000000 -0.8922353840298960
4.30000000 -0.9133053831638780
4.35000000 -0.9323698560943890
4.40000000 -0.9494288028214280
4.45000000 -0.9644822233449970
4.50000000 -0.9775301176650950
4.55000000 -0.9881846773316020
4.60000000 -0.9960580938943970
4.65000000 -1.0011503673534800
4.70000000 -1.0034614977088500
4.75000000 -1.0029914849605100
4.80000000 -0.9997403291084620
4.85000000 -0.9937080301526990
4.90000000 -0.9848945880932250
4.95000000 -0.9733000029300390
5.00000000 -0.9589242746631420
5.05000000 -0.9422007653353360
5.10000000 -0.9235628369894260
5.15000000 -0.9030104896254130
5.20000000 -0.8805437232432950
5.25000000 -0.8561625378430730
5.30000000 -0.8298669334247460
5.35000000 -0.8016569099883160
5.40000000 -0.7715324675337820
5.45000000 -0.7394936060611430
5.50000000 -0.7055403255704000
5.55000000 -0.6698596362968700
5.60000000 -0.6326385484758700
5.65000000 -0.5938770621073990
5.70000000 -0.5535751771914580
5.75000000 -0.5117328937280470
5.80000000 -0.4683502117171660
5.85000000 -0.4234271311588150
5.90000000 -0.3769636520529930
5.95000000 -0.3289597743997010
6.00000000 -0.2794154981989390
6.05000000 -0.2291871154090240
6.10000000 -0.1791309179882730
6.15000000 -0.1292469059366880
6.20000000 -0.0795350792542666
6.25000000 -0.0299954379410103
6.30000000 0.0193720180030814
6.35000000 0.0685672885780084
6.40000000 0.1175903737837710
6.45000000 0.1664412736203680
6.50000000 0.2151199880878010
6.55000000 0.2632720137986760
6.60000000 0.3105428473656010
6.65000000 0.3569324887885750
6.70000000 0.4024409380675980
6.75000000 0.4470681952026710
6.80000000 0.4908142601937930
6.85000000 0.5336791330409650
6.90000000 0.5756628137441860
6.95000000 0.6167653023034560
7.00000000 0.6569865987187760
