0.00000000 0.0000000000000000
0.05000000 0.0499617191563248
0.10000000 0.0998010646583524
0.15000000 0.1493956628517860
0.20000000 0.1986231400823270
0.25000000 0.2473611226956790
0.30000000 0.2954872370375450
0.35000000 0.3428791094536280
0.40000000 0.3894143662896300
0.45000000 0.4349706338912540
0.50000000 0.4794255386042030
0.55000000 0.5226617003360760
0.60000000 0.5645817132420600
0.65000000 0.6050931650392380
0.70000000 0.6441036434446930
0.75000000 0.6815207361755080
0.80000000 0.7172520309487660
0.85000000 0.7512051154815510
0.90000000 0.7832875774909460
0.95000000 0.8134070046940330
1.00000000 0.8414709848078970
1.05000000 0.8673958700424260
1.10000000 0.8911330705787370
1.15000000 0.9126427610907520
1.20000000 0.9318851162523930
1.25000000 0.9488203107375840
1.30000000 0.9634085192202460
1.35000000 0.9756099163743010
1.40000000 0.9853846768736730
1.45000000 0.9926929753922830
1.50000000 0.9974949866040540
1.55000000 0.9997612748846260
1.60000000 0.9995039634165070
1.65000000 0.9967455650839210
1.70000000 0.9915085927710950
1.75000000 0.9838155593622520
1.80000000 0.9736889777416190
1.85000000 0.9611513607934200
1.90000000 0.9462252214018800
1.95000000 0.9289330724512260
2.00000000 0.9092974268256810
2.05000000 0.8873502680655950
2.10000000 0.8631614623358080
2.15000000 0.8368103464572830
2.20000000 0.8083762572509860
2.25000000 0.7779385315378800
2.30000000 0.7455765061389290
2.35000000 0.7113695178750980
2.40000000 0.6753969035673490
2.45000000 0.6377380000366470
2.50000000 0.5984721441039570
2.55000000 0.5576849072950220
2.60000000 0.5154867999547070
2.65000000 0.4719945671326560
2.70000000 0.4273249538785150
2.75000000 0.3815947052419280
2.80000000 0.3349205662725400
2.85000000 0.2874192820199950
2.90000000 0.2392075975339390
2.95000000 0.1904022578640150
3.00000000 0.1411200080598700
3.05000000 0.0914790585798992
3.10000000 0.0416034815175100
3.15000000 -0.0083811856251391
3.20000000 -0.0583494053458891
3.25000000 -0.1081756401425810
3.30000000 -0.1577343525130570
3.35000000 -0.2069000049551570
3.40000000 -0.2555470599667230
3.45000000 -0.3035499800455950
3.50000000 -0.3507832276896160
3.55000000 -0.3971249024221950
3.60000000 -0.4424676518690250
3.65000000 -0.4867077606813650
3.70000000 -0.5297415135104750
3.75000000 -0.5714651950076180
3.80000000 -0.6117750898240520
3.85000000 -0.6505674826110400
3.90000000 -0.6877386580198400
3.95000000 -0.7231849007017150
4.00000000 -0.7568024953079240
4.05000000 -0.7884956711869080
4.10000000 -0.8182004364758230
4.15000000 -0.8458607440090070
4.20000000 -0.8714205466207960
4.25000000 -0.8948237971455270
4.30000000 -0.9160144484175370
4.35000000 -0.9349364532711620
4.40000000 -0.9515337645407390
4.45000000 -0.9657503350606040
4.50000000 -0.9775301176650950
4.55000000 -0.9868270152312930
4.60000000 -0.9936347308072570
4.65000000 -0.9979569174837930
4.70000000 -0.9997972283517050
4.75000000 -0.9991593165017980
4.80000000 -0.9960468350248770
4.85000000 -0.9904634370117460
4.90000000 -0.9824127755532090
4.95000000 -0.9718985037400730
5.00000000 -0.9589242746631410
5.05000000 -0.9435045937244270
5.10000000 -0.9256973755707760
5.15000000 -0.9055713871602430
5.20000000 -0.8831953954508830
5.25000000 -0.8586381674007510
5.30000000 -0.8319684699678990
5.35000000 -0.8032550701103840
5.40000000 -0.7725667347862590
5.45000000 -0.7399722309535800
5.50000000 -0.7055403255704000
5.55000000 -0.6693439081757400
5.60000000 -0.6314723586324840
5.65000000 -0.5920191793844810
5.70000000 -0.5510778728755820
5.75000000 -0.5087419415496350
5.80000000 -0.4651048878504920
5.85000000 -0.4202602142220000
5.90000000 -0.3743014231080110
5.95000000 -0.3273220169523740
6.00000000 -0.2794154981989390
6.05000000 -0.2306903196480340
6.10000000 -0.1813147355259090
6.15000000 -0.1314719504152890
6.20000000 -0.0813451688989017
6.25000000 -0.0311175955594751
6.30000000 0.0190275650202640
6.35000000 0.0689071082575884
6.40000000 0.1183378295697710
6.45000000 0.1671365243740840
6.50000000 0.2151199880878010
6.55000000 0.2621521908198710
6.60000000 0.3082858014459500
6.65000000 0.3536206635333690
6.70000000 0.3982566206494620
6.75000000 0.4422935163615610
6.80000000 0.4858311942369980
6.85000000 0.5289694978431060
6.90000000 0.5718082707472160
6.95000000 0.6144473565166620
7.00000000 0.6569865987187750
