0.75000000 125.2277502614620000 128.6788742794190000 121.8691842259550000 
1.00000000 119.9757001957130000 123.1731652671950000 116.8612384542270000 
1.25000000 114.9439210350590000 117.9030258610710000 112.0590831865690000 
1.50000000 110.1231746208730000 112.8583768797450000 107.4542619153660000 
1.75000000 105.5046102427660000 108.0295703940550000 103.0386656345580000 
2.00000000 101.0797483890200000 103.4073712752340000 98.8045185598354000 
2.25000000 96.8404651785176000 98.9829395326608000 94.7443644356233000 
2.50000000 92.7789774455985000 94.7478134073109000 90.8510534047498000 
2.75000000 88.8878284504606000 90.6938931885779000 87.1177294176801000 
3.00000000 85.1598741888628000 86.8134257235164000 83.5378181591380000 
3.25000000 81.5882702760005000 83.0989895888786000 80.1050154708571000 
3.50000000 78.1664593804703000 79.5434808975862000 76.8132762500732000 
3.75000000 74.8881591852548000 76.1400997124935000 73.6568038042092000 
4.00000000 71.7473508536228000 72.8823370414553000 70.6300396430051000 
4.25000000 68.7382679787702000 69.7639623888317000 67.7276536901183000 
4.50000000 65.8553859969124000 66.7790118396174000 64.9445348969569000 
4.75000000 63.0934120443911000 63.9217766534094000 62.2757822422164000 
5.00000000 60.4472752401748000 61.1867923463985000 59.7166961012709000 
5.25000000 57.9121173759102000 58.5688282405024000 57.2627699702198000 
5.50000000 55.4832839964336000 56.0628774596546000 54.9096825300174000 
5.75000000 53.1563158543643000 53.6641473541163000 52.6532900367084000 
6.00000000 50.9269407230936000 51.3680503344975000 50.4896190243709000 
6.25000000 48.7910655531359000 49.1701950979582000 48.4148593079157000 
6.50000000 46.7447689574431000 47.0663782298079000 46.4253572734198000 
6.75000000 44.7842940118838000 45.0525761644440000 44.5176094441791000 
7.00000000 42.9060413576714000 43.1249374902521000 42.6882563111502000 
7.25000000 41.1065625930758000 41.2797755837522000 40.9340764169161000 
7.50000000 39.3825539422863000 39.5135615589036000 39.2519806827589000 
7.75000000 37.7308501898026000 37.8229175180837000 37.6390069688484000 
8.00000000 36.1484188692178000 36.2046100918333000 36.0923148579682000 
8.25000000 34.6323546957227000 34.6555442550137000 34.6091806535927000 
8.50000000 33.1798742321119000 33.1727574075469000 33.1869925835078000 
8.75000000 31.7883107784967000 31.7534137084215000 31.8232462005271000 
9.00000000 30.4551094763439000 30.3947986521248000 30.5155399722068000 
9.25000000 29.1778226178508000 29.0943138771309000 29.2615710517906000 
9.50000000 27.9541051520452000 27.8494721965147000 28.0591312229390000 
9.75000000 26.7817103793593000 26.6578928411881000 26.9061030111004000 
10.00000000 25.6584858267733000 25.5172969066610000 25.8004559546772000 
10.25000000 24.5823692959552000 24.4255029946197000 24.7402430294201000 
10.50000000 23.5513850771417000 23.3804230409860000 23.7235972197543000 
10.75000000 22.5636403218090000 22.3800583224787000 22.7487282309985000 
11.00000000 21.6173215674732000 21.4224956340408000 21.8139193366893000 
11.25000000 20.7106914082417000 20.5059036298198000 20.9175243554572000 
11.50000000 19.8420853049997000 19.6285293207057000 20.0579647521311000 
11.75000000 19.0099085293798000 18.7886947217252000 19.2337268579669000 
12.00000000 18.2126332358993000 17.9847936428838000 18.4433592051045000 
12.25000000 17.4487956568935000 17.2152886173145000 17.6854699705592000 
12.50000000 16.7169934150925000 16.4787079608614000 16.9587245252473000 
12.75000000 16.0158829489096000 15.7736429574723000 16.2618430837284000 
13.00000000 15.3441770457114000 15.0987451650190000 15.5935984505266000 
13.25000000 14.7006424785445000 14.4527238363912000 14.9528138590621000 
13.50000000 14.0840977419763000 13.8343434509333000 14.3383608993862000 
13.75000000 13.4934108828950000 13.2424213515014000 13.7491575310723000 
14.00000000 12.9274974222864000 12.6758254826231000 13.1841661777627000 
14.25000000 12.3853183641709000 12.1334722254326000 12.6423919000153000 
14.50000000 11.8658782880452000 11.6143243252414000 12.1228806432333000 
14.75000000 11.3682235213279000 11.1173889077810000 11.6247175575932000 
15.00000000 10.8914403884522000 10.6417155803236000 11.1470253870101000 
15.25000000 10.4346535333914000 10.1863946140484000 10.6889629243065000 
15.50000000 9.9970243125382900 9.7505552041786900 10.2497235298613000 
15.75000000 9.5777492549864700 9.3333638045612100 9.8285337111325200 
