0 0
0.01 0.0444215217615441
0.02 0.0887992038321151
0.03 0.13308925313857
0.04 0.177247957732197
0.05 0.221231742489682
0.06 0.264997196524981
0.07 0.308501129374206
0.08 0.351700611018676
0.09 0.394553006523943
0.1 0.437016024378971
0.11 0.479047760181339
0.12 0.520606735399721
0.13 0.561651934311988
0.14 0.60214284901561
0.15 0.642039521486581
0.16 0.681302580349465
0.17 0.719893274381507
0.18 0.757773520544301
0.19 0.794905935675184
0.2 0.831253875886994
0.21 0.866781467975148
0.22 0.901453651331613
0.23 0.935236208504032
0.24 0.96809580157638
0.25 0.999999999055695
0.26 1.03091731906586
0.27 1.06081724681312
0.28 1.08967027772386
0.29 1.11744793433591
0.3 1.14412280588116
0.31 1.16966856570282
0.32 1.1940600037855
0.33 1.21727304830043
0.34 1.23928479233978
0.35 1.26007351032731
0.36 1.2796186893029
0.37 1.29790103857297
0.38 1.31490251744058
0.39 1.33060634471807
0.4 1.34499702427309
0.41 1.35806035463581
0.42 1.36978344338821
0.43 1.38015472004314
0.44 1.38916395124363
0.45 1.39680224590295
0.46 1.40306206585048
0.47 1.40793723224178
0.48 1.41142293399107
0.49 1.41351573296577
0.5 1.41421356236577
0.51 1.41351573309497
0.52 1.41142293430003
0.53 1.40793723208801
0.54 1.40306206640675
0.55 1.39680224715683
0.56 1.38916395167622
0.57 1.380154720976
0.58 1.3697834435246
0.59 1.35806035505176
0.6 1.34499702401594
0.61 1.33060634496096
0.62 1.31490251757672
0.63 1.29790103933335
0.64 1.27961868859066
0.65 1.26007351054948
0.66 1.23928479154116
0.67 1.21727304784442
0.68 1.1940600020324
0.69 1.16966856525658
0.7 1.1441228057796
0.71 1.11744793504265
0.72 1.08967027685212
0.73 1.06081724708934
0.74 1.03091731870978
0.75 0.999999999167889
0.76 0.968095800537336
0.77 0.935236208889056
0.78 0.901453652215964
0.79 0.866781469116287
0.8 0.831253876327549
0.81 0.794905936603941
0.82 0.757773520979314
0.83 0.719893274228819
0.84 0.681302579940355
0.85 0.642039522053766
0.86 0.602142849761652
0.87 0.56165193404798
0.88 0.520606735549453
0.89 0.479047760419631
0.9 0.43701602424798
0.91 0.394553005166675
0.92 0.351700610571999
0.93 0.30850112914092
0.94 0.264997196015019
0.95 0.221231741937318
0.96 0.177247958153028
0.97 0.133089252044724
0.98 0.0887992037497144
0.99 0.0444215218426407
1 0
0 0
0.01 0.0887992052244365
0.02 0.177247958889439
0.03 0.264997197892226
0.04 0.351700611573404
0.05 0.437016027085963
0.06 0.520606735363279
0.07 0.60214284925542
0.08 0.68130258014688
0.09 0.757773523446068
0.1 0.831253875634956
0.11 0.901453652028176
0.12 0.968095802154369
0.13 1.03091732247135
0.14 1.08967027820985
0.15 1.14412280545362
0.16 1.19406000308292
0.17 1.23928479184046
0.18 1.27961868808555
0.19 1.31490251495044
0.2 1.34499702320542
0.21 1.36978344217122
0.22 1.38916395192148
0.23 1.40306206524029
0.24 1.41142293527902
0.25 1.41421356042098
0.26 1.41142293369008
0.27 1.40306206348645
0.28 1.38916395144035
0.29 1.36978344091505
0.3 1.34499702305561
0.31 1.31490251579017
0.32 1.27961869042171
0.33 1.23928479248455
0.34 1.19406000402962
0.35 1.14412280501397
0.36 1.08967027799997
0.37 1.03091731963291
0.38 0.968095801523369
0.39 0.901453651616662
0.4 0.83125387609941
0.41 0.757773522846288
0.42 0.681302582127441
0.43 0.602142850947585
0.44 0.520606736083661
0.45 0.437016025484885
0.46 0.351700611884881
0.47 0.264997197248017
0.48 0.177247958324188
0.49 0.0887992038679543
0.5 9.46027222844623E-11
0.51 -0.0887992036629581
0.52 -0.177247957969405
0.53 -0.264997197126142
0.54 -0.351700611886847
0.55 -0.437016025490209
0.56 -0.52060673610932
0.57 -0.602142850667092
0.58 -0.681302581696997
0.59 -0.757773522863012
0.6 -0.831253876992857
0.61 -0.901453652227409
0.62 -0.968095801644581
0.63 -1.03091732019713
0.64 -1.08967027877013
0.65 -1.14412280543499
0.66 -1.19406000298137
0.67 -1.23928479133191
0.68 -1.27961869037385
0.69 -1.31490251582208
0.7 -1.34499702327211
0.71 -1.36978344033537
0.72 -1.38916395170408
0.73 -1.40306206453924
0.74 -1.41142293357643
0.75 -1.41421355931336
0.76 -1.41142293381723
0.77 -1.40306206531745
0.78 -1.38916395239234
0.79 -1.36978344120293
0.8 -1.34499702332214
0.81 -1.31490251624641
0.82 -1.27961868969606
0.83 -1.23928479164144
0.84 -1.19406000278442
0.85 -1.14412280630142
0.86 -1.08967027836699
0.87 -1.03091732086929
0.88 -0.968095801907634
0.89 -0.901453653109011
0.9 -0.831253875684217
0.91 -0.757773522317114
0.92 -0.681302580576839
0.93 -0.602142851005019
0.94 -0.520606734783657
0.95 -0.437016024758426
0.96 -0.351700612005189
0.97 -0.264997198242749
0.98 -0.177247958623983
0.99 -0.0887992031383806
1 0
0 0
0.01 0.133089253022194
0.02 0.264997198835457
0.03 0.394553003729541
0.04 0.520606738292926
0.05 0.642039523647008
0.06 0.757773525574873
0.07 0.866781472757863
0.08 0.968095804939065
0.09 1.06081725265354
0.1 1.14412281020136
0.11 1.2172730534352
0.12 1.27961868913047
0.13 1.33060634450383
0.14 1.36978344418793
0.15 1.39680224859472
0.16 1.41142293420595
0.17 1.41351573195818
0.18 1.40306206695621
0.19 1.38015472132874
0.2 1.34499702136258
0.21 1.29790103571871
0.22 1.23928478728932
0.23 1.16966856341614
0.24 1.08967027275307
0.25 0.999999996413608
0.26 0.901453645549845
0.27 0.794905934851498
0.28 0.681302576539126
0.29 0.56165193150583
0.3 0.437016021511313
0.31 0.308501129067347
0.32 0.177247958036663
0.33 0.0444215212067763
0.34 -0.0887992041939439
0.35 -0.221231740567745
0.36 -0.351700610874766
0.37 -0.4790477579989
0.38 -0.602142844967645
0.39 -0.71989327072535
0.4 -0.831253873253108
0.41 -0.935236206840504
0.42 -1.03091731466111
0.43 -1.11744793049704
0.44 -1.19405999963203
0.45 -1.26007350943445
0.46 -1.31490251208161
0.47 -1.35806035089211
0.48 -1.38916394877152
0.49 -1.40793723318078
0.5 -1.41421356513653
0.51 -1.40793723196781
0.52 -1.38916395321947
0.53 -1.35806035650935
0.54 -1.31490251966951
0.55 -1.26007351472637
0.56 -1.19406000359416
0.57 -1.11744793787475
0.58 -1.03091732326202
0.59 -0.935236213093509
0.6 -0.831253881009449
0.61 -0.719893276535158
0.62 -0.602142851961028
0.63 -0.47904776458719
0.64 -0.351700614064804
0.65 -0.221231743302948
0.66 -0.0887992039603654
0.67 0.044421523600318
0.68 0.177247959973491
0.69 0.30850113218559
0.7 0.437016027330799
0.71 0.561651935450516
0.72 0.681302584306439
0.73 0.794905937907525
0.74 0.901453653066286
0.75 1.00000000428706
0.76 1.08967028149944
0.77 1.16966857083619
0.78 1.23928479521763
0.79 1.29790104044596
0.8 1.34499702696748
0.81 1.38015472108884
0.82 1.40306206826403
0.83 1.41351573175202
0.84 1.41142293274061
0.85 1.3968022459559
0.86 1.36978344188233
0.87 1.33060634227163
0.88 1.27961868466839
0.89 1.21727304470856
0.9 1.14412280161788
0.91 1.0608172459672
0.92 0.968095797614937
0.93 0.86678146513722
0.94 0.757773517686407
0.95 0.642039519250056
0.96 0.520606733738237
0.97 0.394553001723022
0.98 0.264997194646659
0.99 0.133089250988364
1 0
