0.0000000000 550.000000000000000 1.000000000000000 0.000000000000000
0.5477788608 549.981747288776000 1.011547770712110 0.006704940512200
2.1290782548 549.878034681619000 1.077158426283080 0.044806892098254
5.1493492909 549.541027246110000 1.290306635138870 0.168666118751132
9.4779992519 548.712581486899000 1.813957586814160 0.473460926287200
14.4629228478 546.941625016527000 2.931842449012270 1.126532534460740
19.3053917529 543.565646549564000 5.057094707382630 2.377258743053890
22.7580345748 539.674441602760000 7.496944439125160 3.828613958115390
25.4909298020 535.265425656827000 10.248725979227200 5.485848363945680
27.7226876105 530.547285577222000 13.178210737877500 7.274503684900900
29.6797938382 525.293515025557000 16.421433044819400 9.285051929624110
31.4007217509 519.679527549542000 19.864650925457500 11.455821525000700
32.9355662504 513.789346329698000 23.451887960422800 13.758765709879400
34.3270933478 507.653106750998000 27.160709610151400 16.186183638850500
35.6496250731 500.922697310178000 31.194666337597900 18.882636352224000
36.8573691007 494.121878412880000 35.233750462017400 21.644371125103000
38.0163564590 486.834123654320000 39.519499680248900 24.646376665431300
39.1275193679 479.137120966506000 43.996702468726300 27.866176564767800
40.1954393721 471.083779780178000 48.625306397254200 31.290913822568200
41.2264653799 462.704764271513000 53.378348307035200 34.916887421451600
42.2276337678 454.012420873343000 58.239036821398500 38.748542305258400
43.2061195843 445.004629497476000 63.197897225276600 42.797473277247800
44.1690109182 435.667908927402000 68.250360199337100 47.081730873260900
45.1232633823 425.979641635703000 73.394833622808300 51.625524741488500
46.0757362268 415.909594583076000 78.631107191475600 56.459298225448900
47.0332289241 405.421132265047000 83.958823154054800 61.620044580898600
48.0024212601 394.472801481255000 89.375625849455300 67.151572669289900
48.9895613856 383.021497168886000 94.874414542281100 73.104088288833100
49.9996460050 371.029399194888000 100.438845883556000 79.531754921556400
51.0347808640 358.478285087512000 106.036027193310000 86.485687719178200
52.0917374524 345.395356820395000 111.606004298231000 93.998638881374500
53.1599366300 331.889416705458000 117.051156647256000 102.059426647286000
54.2224272597 318.178177468320000 122.236030643906000 110.585791887774000
55.2608592606 304.568840914207000 127.010773666791000 119.420385419002000
56.2612772126 291.379252074323000 131.253092150794000 128.367655774882000
57.2168794035 278.849533405239000 134.899851841564000 137.250614753197000
58.1273318426 267.102643139681000 137.948618737175000 145.948738123144000
58.9965355788 256.158546333562000 140.437830479193000 154.403623187246000
59.8304734251 245.971377807804000 142.423892713250000 162.604729478946000
60.6357415190 236.464076828697000 143.965146287216000 170.570776884087000
61.4187440227 227.551465500300000 145.113700153630000 178.334834346069000
62.1853410644 219.152610557527000 145.912624029218000 185.934765413255000
62.9407552624 211.196070610454000 146.395938465325000 193.407990924221000
63.6896061721 203.621206802789000 146.589744691379000 200.789048505832000
64.4359974135 196.377623473924000 146.513634705997000 208.108741820079000
65.1836174373 189.423892372712000 146.182010544284000 215.394097083004000
65.9358356255 182.726136497214000 145.605192120419000 222.668671382366000
66.6957862967 176.256728065954000 144.790305344113000 229.952966589933000
67.4664384276 169.993190842568000 143.741984888720000 237.264824268712000
68.2506511024 163.917319747591000 142.462937163765000 244.619743088644000
69.0512153538 158.014498262686000 140.954407657686000 252.031094079628000
69.8708829738 152.273183322688000 139.216591464288000 259.510225213024000
70.7123825034 146.684525986290000 137.249019903853000 267.066454109857000
71.5784222446 141.242097971985000 135.050950592422000 274.706951435593000
72.4716799894 135.941696098948000 132.621782744158000 282.436521156894000
73.3947794588 130.781197421894000 129.961512892178000 290.257289685928000
74.3502543871 125.760437049394000 127.071237240914000 298.168325709692000
75.3405029368 120.881078767290000 123.953694237105000 306.165226995606000
76.3677376514 116.146447008671000 120.613824072157000 314.239728919172000
77.4339390684 111.561289679230000 117.059301725192000 322.379408595578000
78.5408235991 107.131447698196000 113.300980443053000 330.567571858751000
79.6898371418 102.863421248411000 109.353169797072000 338.783408954517000
80.8821840264 98.763844888716000 105.233674857457000 347.002480253828000
82.1188959428 94.838910256790600 100.963546862946000 355.197542880264000
83.4009384440 91.093798380874000 96.566540614173500 363.339661004953000
84.7293456098 87.532194324598300 92.068329623321900 371.399476052080000
86.1053689547 84.155948811040600 87.495579348307300 379.348471840652000
87.5306261699 80.964925606708800 82.875004437004300 387.160069956287000
89.0072386718 77.957038257622000 78.232529630051500 394.810432112327000
90.5379526492 75.128447026130400 73.592640484764600 402.278912489105000
92.1262443932 72.473865893778300 68.977963399029400 409.548170707192000
93.7764156607 69.986923568108900 64.409070151617900 416.604006280273000
95.4936880671 67.660529059504900 59.904470934300800 423.435000006195000
97.2843072353 65.487206060280800 55.480744895862100 430.032049043857000
99.1556682829 63.459375554383500 51.152756061502200 436.387868384114000
101.1164749892 61.569579085506600 46.933910041063700 442.496510873430000
103.1769463368 59.810644297880300 42.836418157886200 448.352937544234000
105.3490866977 58.175799696068200 38.871546893913900 453.952653410018000
107.6470403586 56.658747826281500 35.049839884238800 459.291412289480000
110.0875581474 55.253706261891900 31.381306419732200 464.364987318376000
112.6906148052 53.955424761604200 27.875574609801400 469.169000628595000
115.4802323456 52.759185395376700 24.542009426788300 473.698805177835000
118.4855900654 51.660790684843000 21.389796248013000 477.949413067144000
121.7425413927 50.656543060794600 18.427989561927700 481.915467377278000
125.2957204338 49.743217226134300 15.665524344697400 485.591258429168000
129.2015228836 48.918025237619900 13.111184129917100 488.970790632463000
133.5324158624 48.178572088195200 10.773514572601500 492.047913339204000
138.3833234144 47.522796969633300 8.660663544235800 494.816539486131000
143.8813537439 46.948891750621500 6.780117161726420 497.270991087652000
150.2010913684 46.455182837253600 5.138283665606280 499.406533497140000
