0 0
1.5708 1
3.14159 1.22465e-16
4.71239 -1
6.28319 -2.44929e-16


0 0 0
0.0315737955134653 0.0315685497648105 0.0301466931638065
0.0631475910269305 0.0631056313126736 0.0602690226973863
0.0947213865403958 0.0945798077948449 0.090342624970513
0.126295182053861 0.125959705067718 0.12034313635296
0.157868977567326 0.157214042967251 0.150246193214501
0.189442773080792 0.188311666489718 0.180027431924908
0.221016568594257 0.219221576847691 0.209662488853956
0.252590364107722 0.249912962370308 0.239127000371418
0.284164159621187 0.280355229217014 0.268396602847068
0.315737955134653 0.310518031874169 0.297446932650678
0.347311750648118 0.340371303404113 0.326253626152022
0.378885546161583 0.369885285416547 0.354792319720874
0.410459341675048 0.399030557732341 0.383038649727007
0.442033137188514 0.42777806771021 0.410968252540194
0.473606932701979 0.456099159207016 0.438556764530209
0.505180728215444 0.483965601142839 0.465779822066825
0.536754523728909 0.511349615642327 0.492613061519816
0.568328319242375 0.538223905724289 0.519032119258955
0.59990211475584 0.564561682511918 0.545012631654015
0.631475910269305 0.590336691936528 0.57053023507477
0.66304970578277 0.615523240908179 0.595560565890994
0.694623501296236 0.640096222927107 0.620079260472459
0.726197296809701 0.664031143110431 0.644061955188939
0.757771092323166 0.687304142609184 0.667484286410208
0.789344887836631 0.709892022391333 0.690321890506039
0.820918683350097 0.731772266367077 0.712550403846205
0.852492478863562 0.752923063833377 0.73414546280048
0.884066274377027 0.773323331215339 0.755082703738637
0.915640069890493 0.792952733082779 0.77533776303045
0.947213865403958 0.811791702421021 0.794886277045692
0.978787660917423 0.829821460135726 0.813703882154136
1.01036145643089 0.847024033772299 0.831766214725556
1.04193525194435 0.863382275431223 0.849048911129725
1.07350904745782 0.87887987886146 0.865527607736417
1.10508284297128 0.893501395714874 0.881177940915405
1.13665663848475 0.907232250945481 0.895975547036463
1.16823043399821 0.920058757338175 0.909896062469363
1.19980422951168 0.931968129152435 0.92291512358388
1.23137802502515 0.942948494867437 0.935008366749786
1.26295182053861 0.952988909015839 0.946151428336856
1.29452561605208 0.962079363094463 0.956319944714862
1.32609941156554 0.970210795540986 0.965489552253579
1.35767320707901 0.977375100766707 0.973635887322778
1.38924700259247 0.98356513723637 0.980734586292235
1.42082079810594 0.988774734587003 0.986761285531722
1.4523945936194 0.99299869977867 0.991691621411012
1.48396838913287 0.996232822271007 0.995501230299879
1.51554218464633 0.998473878220379 0.998165748568097
1.5471159801598 0.999719633693478 0.999660812585439
1.57868977567326 0.999968846894156 0.999962185615586
1.61026357118673 0.999221269401276 0.999060985085017
1.64183736670019 0.997477646416339 0.996978148488459
1.67341116221366 0.994739716020657 0.993738039456138
1.70498495772712 0.991010207442792 0.989365021618281
1.73655875324059 0.986292838338003 0.983883458605114
1.76813254875405 0.980592311082404 0.977317714046864
1.79970634426752 0.973914308085538 0.969692151573757
1.83128013978099 0.966265486126022 0.961031134816021
1.86285393529445 0.95765346971593 0.951359027403881
1.89442773080792 0.94808684350051 0.940700192967565
1.92600152632138 0.937575143700825 0.929078995137299
1.95757532183485 0.926128848607841 0.916519797543309
1.98914911734831 0.913759368137437 0.903046963815822
2.02072291286178 0.900479032456752 0.888684857585064
2.05229670837524 0.886301079693209 0.873457842481263
2.08387050388871 0.87123964273846 0.857390282134645
2.11544429940217 0.855309735160412 0.840506540175436
2.14701809491564 0.838527236237377 0.822830980233863
2.1785918904291 0.820908875129263 0.804387965940152
2.21016568594257 0.802472214201578 0.785201860924531
2.24173948145603 0.783235631518891 0.765297028817226
2.2733132769695 0.763218302525168 0.744697833248462
2.30488707248296 0.742440180929283 0.723428637848468
2.33646086799643 0.720921978814716 0.701513806247469
2.36803466350989 0.698685145993307 0.678977702075693
2.39960845902336 0.675751848623609 0.655844688963364
2.43118225453682 0.652144947115187 0.632139130540712
2.46275605005029 0.627887973340858 0.60788539043796
2.49432984556376 0.603005107179615 0.583107832285338
2.52590364107722 0.577521152413589 0.55783081971307
2.55747743659069 0.551461512003108 0.532078716351384
2.58905123210415 0.524852162764468 0.505875885830506
2.62062502761762 0.497719629475683 0.479246691780663
2.65219882313108 0.470090958436003 0.452215497832081
2.68377261864455 0.441993690505579 0.424806667614987
2.71534641415801 0.413455833652134 0.397044564759608
2.74692020967148 0.384505835032011 0.36895355289617
2.77849400518494 0.355172552633429 0.340557995654899
2.81006780069841 0.325485226510212 0.311882256666022
2.84164159621187 0.29547344963467 0.282950699559767
2.87321539172534 0.265167138398679 0.253787687966359
2.9047891872388 0.234596502792369 0.224417585516025
2.93636298275227 0.203792016290152 0.194864755838992
2.96793677826573 0.172784385474099 0.165153562565485
2.9995105737792 0.141604519424952 0.135308369325733
3.03108436929266 0.110283498911275 0.105353539749961
3.06265816480613 0.0788525454074766 0.0753134374683957
3.0942319603196 0.0473429899715582 0.0452124261112642
3.12580575583306 0.0157862420136368 0.0150748693087922
3.15737955134653 -0.015786242013637 -0.0150748693087924
3.18895334685999 -0.047342989971558 -0.0452124261112638
3.22052714237346 -0.0788525454074764 -0.0753134374683954
3.25210093788692 -0.110283498911275 -0.10535353974996
3.28367473340039 -0.141604519424952 -0.135308369325733
3.31524852891385 -0.1727843854741 -0.165153562565485
3.34682232442732 -0.203792016290152 -0.194864755838991
3.37839611994078 -0.234596502792369 -0.224417585516025
3.40996991545425 -0.265167138398679 -0.253787687966359
3.44154371096771 -0.29547344963467 -0.282950699559767
3.47311750648118 -0.325485226510212 -0.311882256666023
3.50469130199464 -0.355172552633428 -0.340557995654899
3.53626509750811 -0.384505835032011 -0.368953552896169
3.56783889302157 -0.413455833652134 -0.397044564759608
3.59941268853504 -0.441993690505579 -0.424806667614987
3.6309864840485 -0.470090958436003 -0.452215497832081
3.66256027956197 -0.497719629475683 -0.479246691780663
3.69413407507544 -0.524852162764468 -0.505875885830506
3.7257078705889 -0.551461512003107 -0.532078716351384
3.75728166610237 -0.577521152413588 -0.55783081971307
3.78885546161583 -0.603005107179614 -0.583107832285337
3.8204292571293 -0.627887973340858 -0.60788539043796
3.85200305264276 -0.652144947115187 -0.632139130540711
3.88357684815623 -0.675751848623609 -0.655844688963364
3.91515064366969 -0.698685145993306 -0.678977702075692
3.94672443918316 -0.720921978814716 -0.701513806247469
3.97829823469662 -0.742440180929283 -0.723428637848468
4.00987203021009 -0.763218302525168 -0.744697833248462
4.04144582572355 -0.78323563151889 -0.765297028817226
4.07301962123702 -0.802472214201578 -0.785201860924531
4.10459341675048 -0.820908875129262 -0.804387965940152
4.13616721226395 -0.838527236237377 -0.822830980233863
4.16774100777741 -0.855309735160412 -0.840506540175436
4.19931480329088 -0.87123964273846 -0.857390282134645
4.23088859880435 -0.886301079693209 -0.873457842481263
4.26246239431781 -0.900479032456752 -0.888684857585064
4.29403618983128 -0.913759368137437 -0.903046963815822
4.32560998534474 -0.926128848607841 -0.916519797543308
4.35718378085821 -0.937575143700825 -0.929078995137299
4.38875757637167 -0.94808684350051 -0.940700192967565
4.42033137188514 -0.957653469715929 -0.951359027403881
4.4519051673986 -0.966265486126022 -0.961031134816021
4.48347896291207 -0.973914308085538 -0.969692151573757
4.51505275842553 -0.980592311082404 -0.977317714046864
4.546626553939 -0.986292838338003 -0.983883458605114
4.57820034945246 -0.991010207442792 -0.98936502161828
4.60977414496593 -0.994739716020657 -0.993738039456138
4.64134794047939 -0.997477646416339 -0.996978148488459
4.67292173599286 -0.999221269401276 -0.999060985085017
4.70449553150632 -0.999968846894156 -0.999962185615586
4.73606932701979 -0.999719633693478 -0.999660812585439
4.76764312253325 -0.998473878220379 -0.998165748568097
4.79921691804672 -0.996232822271007 -0.995501230299879
4.83079071356018 -0.99299869977867 -0.991691621411012
4.86236450907365 -0.988774734587003 -0.986761285531722
4.89393830458712 -0.98356513723637 -0.980734586292235
4.92551210010058 -0.977375100766707 -0.973635887322778
4.95708589561405 -0.970210795540986 -0.965489552253579
4.98865969112751 -0.962079363094463 -0.956319944714862
5.02023348664098 -0.952988909015839 -0.946151428336856
5.05180728215444 -0.942948494867437 -0.935008366749786
5.08338107766791 -0.931968129152435 -0.92291512358388
5.11495487318137 -0.920058757338175 -0.909896062469363
5.14652866869484 -0.907232250945481 -0.895975547036463
5.1781024642083 -0.893501395714874 -0.881177940915405
5.20967625972177 -0.87887987886146 -0.865527607736417
5.24125005523523 -0.863382275431223 -0.849048911129725
5.2728238507487 -0.847024033772299 -0.831766214725556
5.30439764626216 -0.829821460135726 -0.813703882154136
5.33597144177563 -0.811791702421021 -0.794886277045692
5.36754523728909 -0.792952733082779 -0.77533776303045
5.39911903280256 -0.773323331215339 -0.755082703738637
5.43069282831602 -0.752923063833377 -0.73414546280048
5.46226662382949 -0.731772266367077 -0.712550403846205
5.49384041934295 -0.709892022391333 -0.690321890506039
5.52541421485642 -0.687304142609184 -0.667484286410208
5.55698801036989 -0.664031143110432 -0.64406195518894
5.58856180588335 -0.640096222927107 -0.620079260472459
5.62013560139682 -0.615523240908179 -0.595560565890994
5.65170939691028 -0.590336691936529 -0.570530235074771
5.68328319242375 -0.564561682511918 -0.545012631654015
5.71485698793721 -0.538223905724289 -0.519032119258955
5.74643078345068 -0.511349615642327 -0.492613061519816
5.77800457896414 -0.483965601142839 -0.465779822066825
5.80957837447761 -0.456099159207016 -0.438556764530209
5.84115216999107 -0.42777806771021 -0.410968252540194
5.87272596550454 -0.399030557732341 -0.383038649727007
5.904299761018 -0.369885285416547 -0.354792319720874
5.93587355653147 -0.340371303404113 -0.326253626152022
5.96744735204493 -0.310518031874169 -0.297446932650678
5.9990211475584 -0.280355229217014 -0.268396602847068
6.03059494307186 -0.249912962370309 -0.239127000371419
6.06216873858533 -0.219221576847691 -0.209662488853956
6.0937425340988 -0.188311666489718 -0.180027431924908
6.12531632961226 -0.157214042967251 -0.150246193214501
6.15689012512573 -0.125959705067717 -0.12034313635296
6.18846392063919 -0.0945798077948454 -0.0903426249705134
6.22003771615266 -0.0631056313126737 -0.0602690226973864
6.25161151166612 -0.0315685497648102 -0.030146693163806
6.28318530717959 -2.44929359829471E-16 -1.11022302462516E-16


0 1 0.954929658551372
0.0315737955134653 0.999501589126174 0.954543838129241
0.0631475910269305 0.998006853331493 0.953386376862847
0.0947213865403958 0.995517282601106 0.95145727475219
0.126295182053861 0.992035358593258 0.948756531797271
0.157868977567326 0.987564552165524 0.945284147998089
0.189442773080792 0.98210931991498 0.941040123354645
0.221016568594257 0.975675099735774 0.936024457866938
0.252590364107722 0.968268305398507 0.930237151534968
0.284164159621187 0.959896320156857 0.923678204358736
0.315737955134653 0.950567489387783 0.916347616338241
0.347311750648118 0.940291112272676 0.908245387473484
0.378885546161583 0.929077432527731 0.899371517764464
0.410459341675048 0.916937628192789 0.889726007211181
0.442033137188514 0.903883800488824 0.879308855813635
0.473606932701979 0.88992896175518 0.868120063571828
0.505180728215444 0.875087022478594 0.856159630485757
0.536754523728909 0.859372777426912 0.843427556555424
0.568328319242375 0.842801890901351 0.829923841780828
0.59990211475584 0.825390881121976 0.81564848616197
0.631475910269305 0.807157103761985 0.800601489698849
0.66304970578277 0.788118734647192 0.784782852391465
0.694623501296236 0.768294751637971 0.768192574239819
0.726197296809701 0.747704915711709 0.75083065524391
0.757771092323166 0.726369751264639 0.732697095403738
0.789344887836631 0.704310525652672 0.713791894719304
0.820918683350097 0.681549227991634 0.694115053190607
0.852492478863562 0.658108547238038 0.673666570817648
0.884066274377027 0.634011849572239 0.652446447600426
0.915640069890493 0.609283155106517 0.630454683538941
0.947213865403958 0.583947113941306 0.607691278633194
0.978787660917423 0.55802898159344 0.584156232883185
1.01036145643089 0.531554593820901 0.559849546288912
1.04193525194435 0.504550340869177 0.534771218850377
1.07350904745782 0.47704314116489 0.508921250567579
1.10508284297128 0.44906041448292 0.482299641440519
1.13665663848475 0.420630054613784 0.454906391469196
1.16823043399821 0.391780401558493 0.42674150065361
1.19980422951168 0.362540213278625 0.397804968993763
1.23137802502515 0.332938637029761 0.368096796489652
1.26295182053861 0.303005180306873 0.337616983141278
1.29452561605208 0.272769681430603 0.306365528948642
1.32609941156554 0.242262279803783 0.274342433911744
1.35767320707901 0.211513385867819 0.241547698030583
1.38924700259247 0.180553650788902 0.207981321305159
1.42082079810594 0.149413935904261 0.173643303735472
1.4523945936194 0.118125281958908 0.138533645321523
1.48396838913287 0.0867188781635507 0.102652346063311
1.51554218464633 0.0552260311045082 0.065999405960837
1.5471159801598 0.0236781335366241 0.0285748250141002
1.57868977567326 -0.00789336690971331 -0.00957316922413311
1.61026357118673 -0.0394569990762527 -0.0473835705930012
1.64183736670019 -0.070981299648016 -0.084422331117607
1.67341116221366 -0.102434844516613 -0.12068945079795
1.70498495772712 -0.133786280104479 -0.15618492963403
1.73655875324059 -0.165004354618799 -0.190908767625848
1.76813254875405 -0.196057949203978 -0.224860964773403
1.79970634426752 -0.22691610896159 -0.258041521076696
1.83128013978099 -0.257548073806897 -0.290450436535726
1.86285393529445 -0.287923309131166 -0.322087711150493
1.89442773080792 -0.318011536239238 -0.352953344920998
1.92600152632138 -0.347782762531982 -0.38304733784724
1.95757532183485 -0.377207311403576 -0.412369689929219
1.98914911734831 -0.406255851823789 -0.440920401166936
2.02072291286178 -0.434899427575793 -0.46869947156039
2.05229670837524 -0.463109486120348 -0.495706901109582
2.08387050388871 -0.490857907057594 -0.521942689814511
2.11544429940217 -0.518117030158078 -0.547406837675177
2.14701809491564 -0.54485968293507 -0.572099344691581
2.1785918904291 -0.571059207730695 -0.596020210863722
2.21016568594257 -0.596689488288856 -0.619169436191601
2.24173948145603 -0.621724975788495 -0.641547020675216
2.2733132769695 -0.64614071431121 -0.66315296431457
2.30488707248296 -0.669912365717855 -0.683987267109661
2.33646086799643 -0.693016233909332 -0.704049929060489
2.36803466350989 -0.715429288447371 -0.723340950167054
2.39960845902336 -0.737129187511779 -0.741860330429357
2.43118225453682 -0.758094300171245 -0.759608069847397
2.46275605005029 -0.77830372794553 -0.776584168421175
2.49432984556376 -0.797737325637519 -0.79278862615069
2.52590364107722 -0.816375721414399 -0.808221443035942
2.55747743659069 -0.834200336117917 -0.822882619076932
2.58905123210415 -0.851193401784495 -0.836772154273659
2.62062502761762 -0.867337979356715 -0.849890048626123
2.65219882313108 -0.882617975568547 -0.862236302134325
2.68377261864455 -0.897018158987464 -0.873810914798264
2.71534641415801 -0.910524175197462 -0.884613886617941
2.74692020967148 -0.923122561107861 -0.894645217593355
2.77849400518494 -0.934800758373598 -0.903904907724506
2.81006780069841 -0.945547125913667 -0.912392957011395
2.84164159621187 -0.955350951515195 -0.920109365454021
2.87321539172534 -0.964202462511612 -0.927054133052385
2.9047891872388 -0.972092835524257 -0.933227259806486
2.93636298275227 -0.979014205257714 -0.938628745716324
2.96793677826573 -0.984959672340111 -0.9432585907819
2.9995105737792 -0.989923310200557 -0.947116795003213
3.03108436929266 -0.993900170976888 -0.950203358380263
3.06265816480613 -0.996886290447793 -0.952518280913051
3.0942319603196 -0.998878691984444 -0.954061562601576
3.12580575583306 -0.999875389517657 -0.954833203445839
3.15737955134653 -0.999875389517657 -0.954833203445839
3.18895334685999 -0.998878691984444 -0.954061562601577
3.22052714237346 -0.996886290447793 -0.952518280913051
3.25210093788692 -0.993900170976888 -0.950203358380263
3.28367473340039 -0.989923310200557 -0.947116795003213
3.31524852891385 -0.984959672340111 -0.9432585907819
3.34682232442732 -0.979014205257715 -0.938628745716324
3.37839611994078 -0.972092835524257 -0.933227259806486
3.40996991545425 -0.964202462511612 -0.927054133052385
3.44154371096771 -0.955350951515195 -0.920109365454022
3.47311750648118 -0.945547125913667 -0.912392957011395
3.50469130199464 -0.934800758373598 -0.903904907724506
3.53626509750811 -0.923122561107861 -0.894645217593355
3.56783889302157 -0.910524175197462 -0.884613886617941
3.59941268853504 -0.897018158987464 -0.873810914798264
3.6309864840485 -0.882617975568547 -0.862236302134325
3.66256027956197 -0.867337979356715 -0.849890048626123
3.69413407507544 -0.851193401784495 -0.836772154273659
3.7257078705889 -0.834200336117918 -0.822882619076932
3.75728166610237 -0.816375721414399 -0.808221443035942
3.78885546161583 -0.79773732563752 -0.79278862615069
3.8204292571293 -0.77830372794553 -0.776584168421175
3.85200305264276 -0.758094300171245 -0.759608069847397
3.88357684815623 -0.737129187511779 -0.741860330429357
3.91515064366969 -0.715429288447371 -0.723340950167054
3.94672443918316 -0.693016233909332 -0.704049929060489
3.97829823469662 -0.669912365717855 -0.683987267109661
4.00987203021009 -0.64614071431121 -0.66315296431457
4.04144582572355 -0.621724975788495 -0.641547020675217
4.07301962123702 -0.596689488288856 -0.6191694361916
4.10459341675048 -0.571059207730695 -0.596020210863722
4.13616721226395 -0.54485968293507 -0.572099344691581
4.16774100777741 -0.518117030158078 -0.547406837675178
4.19931480329088 -0.490857907057594 -0.521942689814511
4.23088859880435 -0.463109486120348 -0.495706901109582
4.26246239431781 -0.434899427575793 -0.46869947156039
4.29403618983128 -0.406255851823789 -0.440920401166936
4.32560998534474 -0.377207311403576 -0.41236968992922
4.35718378085821 -0.347782762531982 -0.38304733784724
4.38875757637167 -0.318011536239238 -0.352953344920997
4.42033137188514 -0.287923309131167 -0.322087711150493
4.4519051673986 -0.257548073806896 -0.290450436535726
4.48347896291207 -0.22691610896159 -0.258041521076696
4.51505275842553 -0.196057949203978 -0.224860964773403
4.546626553939 -0.165004354618799 -0.190908767625848
4.57820034945246 -0.133786280104479 -0.15618492963403
4.60977414496593 -0.102434844516613 -0.12068945079795
4.64134794047939 -0.0709812996480162 -0.0844223311176071
4.67292173599286 -0.0394569990762527 -0.047383570593001
4.70449553150632 -0.00789336690971378 -0.00957316922413354
4.73606932701979 0.0236781335366239 0.0285748250141
4.76764312253325 0.0552260311045084 0.0659994059608373
4.79921691804672 0.0867188781635505 0.102652346063311
4.83079071356018 0.118125281958908 0.138533645321523
4.86236450907365 0.14941393590426 0.173643303735472
4.89393830458712 0.180553650788902 0.207981321305159
4.92551210010058 0.211513385867819 0.241547698030583
4.95708589561405 0.242262279803783 0.274342433911743
4.98865969112751 0.272769681430603 0.306365528948642
5.02023348664098 0.303005180306872 0.337616983141278
5.05180728215444 0.332938637029761 0.368096796489652
5.08338107766791 0.362540213278625 0.397804968993763
5.11495487318137 0.391780401558493 0.42674150065361
5.14652866869484 0.420630054613784 0.454906391469196
5.1781024642083 0.44906041448292 0.482299641440519
5.20967625972177 0.47704314116489 0.508921250567579
5.24125005523523 0.504550340869178 0.534771218850377
5.2728238507487 0.531554593820901 0.559849546288912
5.30439764626216 0.55802898159344 0.584156232883185
5.33597144177563 0.583947113941306 0.607691278633194
5.36754523728909 0.609283155106517 0.630454683538942
5.39911903280256 0.634011849572239 0.652446447600426
5.43069282831602 0.658108547238037 0.673666570817648
5.46226662382949 0.681549227991634 0.694115053190608
5.49384041934295 0.704310525652672 0.713791894719304
5.52541421485642 0.726369751264639 0.732697095403738
5.55698801036989 0.747704915711709 0.75083065524391
5.58856180588335 0.768294751637971 0.768192574239819
5.62013560139682 0.788118734647193 0.784782852391465
5.65170939691028 0.807157103761985 0.800601489698848
5.68328319242375 0.825390881121976 0.81564848616197
5.71485698793721 0.84280189090135 0.829923841780828
5.74643078345068 0.859372777426912 0.843427556555424
5.77800457896414 0.875087022478594 0.856159630485757
5.80957837447761 0.88992896175518 0.868120063571828
5.84115216999107 0.903883800488824 0.879308855813635
5.87272596550454 0.916937628192789 0.889726007211181
5.904299761018 0.92907743252773 0.899371517764464
5.93587355653147 0.940291112272676 0.908245387473484
5.96744735204493 0.950567489387783 0.916347616338241
5.9990211475584 0.959896320156857 0.923678204358736
6.03059494307186 0.968268305398507 0.930237151534968
6.06216873858533 0.975675099735774 0.936024457866938
6.0937425340988 0.98210931991498 0.941040123354645
6.12531632961226 0.987564552165524 0.945284147998089
6.15689012512573 0.992035358593258 0.948756531797271
6.18846392063919 0.995517282601106 0.95145727475219
6.22003771615266 0.998006853331493 0.953386376862847
6.25161151166612 0.999501589126174 0.954543838129241
6.28318530717959 1 0.954929658551372


0 0 0
0.0315737955134653 0.000498410873826183 0.000475954814858884
0.0631475910269305 0.00199314666850658 0.00190343463329617
0.0947213865403958 0.00448271739889405 0.00428128557689374
0.126295182053861 0.00796464140674225 0.00760758451495474
0.157868977567326 0.0124354478344763 0.0118796390645036
0.189442773080792 0.0178906800850196 0.017093987590286
0.221016568594257 0.0243249002642264 0.0232463992047688
0.252590364107722 0.0317316946014928 0.0303318737681403
0.284164159621187 0.040103679843143 0.0383446418883098
0.315737955134653 0.0494325106122171 0.0472781649209082
0.347311750648118 0.0597088877273244 0.0571251349692873
0.378885546161583 0.0709225674722694 0.0678774748845205
0.410459341675048 0.0830623718072112 0.0795263382654021
0.442033137188514 0.0961161995111764 0.0920621094584479
0.473606932701979 0.11007103824482 0.105474403557895
0.505180728215444 0.124912977521406 0.119752066405702
0.536754523728909 0.140627222573088 0.134883174591547
0.568328319242375 0.157198109098649 0.150855035452833
0.59990211475584 0.174609118878024 0.167654187074681
0.631475910269305 0.192842896238015 0.185266398289933
0.66304970578277 0.211881265352808 0.203676668679156
0.694623501296236 0.231705248362029 0.222869228570634
0.726197296809701 0.252295084288291 0.242827539040375
0.757771092323166 0.273630248735361 0.263534291912107
0.789344887836631 0.295689474347328 0.284971409757279
0.820918683350097 0.318450772008366 0.307120045895063
0.852492478863562 0.341891452761962 0.329960584392351
0.884066274377027 0.365988150427761 0.353472640063756
0.915640069890493 0.390716844893483 0.377635058471613
0.947213865403958 0.416052886058694 0.402425915925977
0.978787660917423 0.44197101840656 0.427822519484626
1.01036145643089 0.468445406179099 0.453801406953058
1.04193525194435 0.495449659130823 0.480338346884493
1.07350904745782 0.52295685883511 0.507408338579873
1.10508284297128 0.55093958551708 0.534985612087858
1.13665663848475 0.579369945386216 0.563043628204833
1.16823043399821 0.608219598441507 0.591555078474902
1.19980422951168 0.637459786721375 0.620491885189891
1.23137802502515 0.667061362970239 0.649825201389348
1.26295182053861 0.696994819693127 0.679525410860542
1.29452561605208 0.727230318569397 0.70956212813846
1.32609941156554 0.757737720196217 0.739904198505816
1.35767320707901 0.788486614132181 0.770519697993041
1.38924700259247 0.819446349211098 0.801375933378289
1.42082079810594 0.850586064095739 0.832439442187434
1.4523945936194 0.881874718041092 0.863675992694073
1.48396838913287 0.913281121836449 0.895050583919523
1.51554218464633 0.944773968895492 0.926527445632823
1.5471159801598 0.976321866463376 0.958070038350731
1.57868977567326 1.00789336690971 0.989641053588139
1.61026357118673 1.03945699907625 1.0212025691108
1.64183736670019 1.07098129964802 1.05271691184008
1.67341116221366 1.10243484451661 1.08414715766659
1.70498495772712 1.13378628010448 1.11545715173324
1.73655875324059 1.1650043546188 1.1466115084352
1.76813254875405 1.19605794920398 1.17757561141993
1.79970634426752 1.22691610896159 1.20831561358716
1.83128013978099 1.2575480738069 1.23879843708891
1.86285393529445 1.28792330913117 1.26899177332948
1.89442773080792 1.31801153623924 1.29886408296543
1.92600152632138 1.34778276253198 1.32838459590561
1.95757532183485 1.37720731140358 1.35752331131116
1.98914911734831 1.40625585182379 1.38625099759548
2.02072291286178 1.43489942757579 1.41453919242426
2.05229670837524 1.46310948612035 1.44236020271546
2.08387050388871 1.49085790705759 1.46968710463932
2.11544429940217 1.51811703015808 1.49649374361838
2.14701809491564 1.54485968293507 1.52275473432743
2.1785918904291 1.57105920773069 1.54844546069355
2.21016568594257 1.59668948828886 1.5735420758961
2.24173948145603 1.6217249757885 1.59802150236672
2.2733132769695 1.64614071431121 1.62186143178933
2.30488707248296 1.66991236571786 1.64504032510012
2.33646086799643 1.69301623390933 1.66753741248756
2.36803466350989 1.71542928844737 1.68933269339241
2.39960845902336 1.73712918751178 1.71040693650769
2.43118225453682 1.75809430017125 1.73074167977873
2.46275605005029 1.77830372794553 1.75031923040311
2.49432984556376 1.79773732563752 1.76912266483069
2.52590364107722 1.8163757214144 1.78713582876363
2.55747743659069 1.83420033611792 1.80434333715634
2.58905123210415 1.85119340178449 1.82073057421553
2.62062502761762 1.86733797935671 1.83628369340019
2.65219882313108 1.88261797556855 1.85098961742157
2.68377261864455 1.89701815898746 1.86483603824322
2.71534641415801 1.91052417519746 1.87781141708096
2.74692020967148 1.92312256110786 1.88990498440287
2.77849400518494 1.9348007583736 1.90110673992935
2.81006780069841 1.94554712591367 1.91140745263304
2.84164159621187 1.95535095151519 1.92079866073888
2.87321539172534 1.96420246251161 1.92927267172407
2.9047891872388 1.97209283552426 1.93682256231812
2.93636298275227 1.97901420525771 1.94344217850279
2.96793677826573 1.98495967234011 1.94912613551213
2.9995105737792 1.98992331020056 1.95386981783247
3.03108436929266 1.99390017097689 1.95766937920242
3.06265816480613 1.99688629044779 1.96052174261285
3.0942319603196 1.99887869198444 1.96242460030694
3.12580575583306 1.99987538951766 1.96337641378012
3.15737955134653 1.99987538951766 1.96337641378012
3.18895334685999 1.99887869198444 1.96242460030694
3.22052714237346 1.99688629044779 1.96052174261285
3.25210093788692 1.99390017097689 1.95766937920242
3.28367473340039 1.98992331020056 1.95386981783247
3.31524852891385 1.98495967234011 1.94912613551213
3.34682232442732 1.97901420525771 1.94344217850279
3.37839611994078 1.97209283552426 1.93682256231812
3.40996991545425 1.96420246251161 1.92927267172407
3.44154371096771 1.95535095151519 1.92079866073888
3.47311750648118 1.94554712591367 1.91140745263304
3.50469130199464 1.9348007583736 1.90110673992935
3.53626509750811 1.92312256110786 1.88990498440287
3.56783889302157 1.91052417519746 1.87781141708096
3.59941268853504 1.89701815898746 1.86483603824322
3.6309864840485 1.88261797556855 1.85098961742157
3.66256027956197 1.86733797935671 1.83628369340019
3.69413407507544 1.85119340178449 1.82073057421553
3.7257078705889 1.83420033611792 1.80434333715634
3.75728166610237 1.8163757214144 1.78713582876363
3.78885546161583 1.79773732563752 1.76912266483069
3.8204292571293 1.77830372794553 1.75031923040311
3.85200305264276 1.75809430017125 1.73074167977873
3.88357684815623 1.73712918751178 1.7104069365077
3.91515064366969 1.71542928844737 1.68933269339241
3.94672443918316 1.69301623390933 1.66753741248756
3.97829823469662 1.66991236571786 1.64504032510012
4.00987203021009 1.64614071431121 1.62186143178933
4.04144582572355 1.6217249757885 1.59802150236672
4.07301962123702 1.59668948828886 1.5735420758961
4.10459341675048 1.57105920773069 1.54844546069355
4.13616721226395 1.54485968293507 1.52275473432743
4.16774100777741 1.51811703015808 1.49649374361838
4.19931480329088 1.49085790705759 1.46968710463932
4.23088859880435 1.46310948612035 1.44236020271546
4.26246239431781 1.43489942757579 1.41453919242426
4.29403618983128 1.40625585182379 1.38625099759548
4.32560998534474 1.37720731140358 1.35752331131116
4.35718378085821 1.34778276253198 1.32838459590561
4.38875757637167 1.31801153623924 1.29886408296543
4.42033137188514 1.28792330913117 1.26899177332948
4.4519051673986 1.2575480738069 1.23879843708891
4.48347896291207 1.22691610896159 1.20831561358716
4.51505275842553 1.19605794920398 1.17757561141993
4.546626553939 1.1650043546188 1.1466115084352
4.57820034945246 1.13378628010448 1.11545715173324
4.60977414496593 1.10243484451661 1.08414715766659
4.64134794047939 1.07098129964802 1.05271691184008
4.67292173599286 1.03945699907625 1.0212025691108
4.70449553150632 1.00789336690971 0.989641053588139
4.73606932701979 0.976321866463376 0.958070038350732
4.76764312253325 0.944773968895492 0.926527445632823
4.79921691804672 0.913281121836449 0.895050583919524
4.83079071356018 0.881874718041092 0.863675992694074
4.86236450907365 0.85058606409574 0.832439442187435
4.89393830458712 0.819446349211098 0.80137593337829
4.92551210010058 0.788486614132181 0.770519697993041
4.95708589561405 0.757737720196217 0.739904198505817
4.98865969112751 0.727230318569397 0.709562128138461
5.02023348664098 0.696994819693128 0.679525410860542
5.05180728215444 0.667061362970239 0.649825201389349
5.08338107766791 0.637459786721375 0.620491885189891
5.11495487318137 0.608219598441507 0.591555078474902
5.14652866869484 0.579369945386216 0.563043628204833
5.1781024642083 0.55093958551708 0.534985612087858
5.20967625972177 0.52295685883511 0.507408338579873
5.24125005523523 0.495449659130822 0.480338346884493
5.2728238507487 0.468445406179099 0.453801406953059
5.30439764626216 0.44197101840656 0.427822519484626
5.33597144177563 0.416052886058694 0.402425915925977
5.36754523728909 0.390716844893483 0.377635058471613
5.39911903280256 0.365988150427761 0.353472640063756
5.43069282831602 0.341891452761963 0.329960584392351
5.46226662382949 0.318450772008366 0.307120045895063
5.49384041934295 0.295689474347328 0.28497140975728
5.52541421485642 0.273630248735361 0.263534291912107
5.55698801036989 0.252295084288291 0.242827539040375
5.58856180588335 0.231705248362029 0.222869228570634
5.62013560139682 0.211881265352807 0.203676668679156
5.65170939691028 0.192842896238015 0.185266398289934
5.68328319242375 0.174609118878024 0.167654187074681
5.71485698793721 0.15719810909865 0.150855035452834
5.74643078345068 0.140627222573088 0.134883174591548
5.77800457896414 0.124912977521406 0.119752066405702
5.80957837447761 0.11007103824482 0.105474403557896
5.84115216999107 0.0961161995111764 0.0920621094584482
5.87272596550454 0.0830623718072114 0.0795263382654025
5.904299761018 0.0709225674722695 0.0678774748845207
5.93587355653147 0.0597088877273244 0.0571251349692875
5.96744735204493 0.0494325106122172 0.0472781649209085
5.9990211475584 0.040103679843143 0.0383446418883101
6.03059494307186 0.0317316946014929 0.0303318737681406
6.06216873858533 0.0243249002642264 0.0232463992047691
6.0937425340988 0.0178906800850196 0.0170939875902862
6.12531632961226 0.0124354478344764 0.011879639064504
6.15689012512573 0.00796464140674213 0.00760758451495502
6.18846392063919 0.00448271739889416 0.00428128557689411
6.22003771615266 0.0019931466685067 0.00190343463329634
6.25161151166612 0.000498410873826183 0.000475954814859181
6.28318530717959 0 1.11022302462516E-16
