0 0
0.01 0.044421521761541
0.02 0.0887992038321107
0.03 0.133089253138561
0.04 0.177247957732191
0.05 0.221231742489675
0.06 0.264997196524974
0.07 0.308501129374192
0.08 0.351700611018662
0.09 0.39455300652393
0.1 0.437016024378962
0.11 0.47904776018133
0.12 0.520606735399709
0.13 0.561651934311979
0.14 0.602142849015602
0.15 0.64203952148657
0.16 0.681302580349451
0.17 0.719893274381493
0.18 0.757773520544288
0.19 0.794905935675168
0.2 0.831253875886966
0.21 0.866781467975119
0.22 0.901453651331579
0.23 0.935236208503997
0.24 0.968095801576333
0.25 0.999999999055642
0.26 1.0309173190658
0.27 1.06081724681305
0.28 1.08967027772379
0.29 1.11744793433583
0.3 1.14412280588107
0.31 1.16966856570274
0.32 1.1940600037854
0.33 1.21727304830032
0.34 1.23928479233966
0.35 1.2600735103272
0.36 1.27961868930278
0.37 1.29790103857285
0.38 1.31490251744046
0.39 1.33060634471795
0.4 1.34499702427297
0.41 1.35806035463571
0.42 1.36978344338812
0.43 1.38015472004306
0.44 1.38916395124355
0.45 1.39680224590288
0.46 1.40306206585042
0.47 1.40793723224174
0.48 1.41142293399104
0.49 1.41351573296574
0.5 1.41421356236576
0.51 1.41351573309497
0.52 1.41142293430003
0.53 1.40793723208803
0.54 1.40306206640676
0.55 1.39680224715686
0.56 1.38916395167625
0.57 1.38015472097603
0.58 1.36978344352464
0.59 1.35806035505181
0.6 1.344997024016
0.61 1.33060634496102
0.62 1.31490251757679
0.63 1.29790103933342
0.64 1.27961868859074
0.65 1.26007351054957
0.66 1.23928479154124
0.67 1.2172730478445
0.68 1.19406000203248
0.69 1.16966856525666
0.7 1.14412280577969
0.71 1.11744793504273
0.72 1.08967027685221
0.73 1.06081724708942
0.74 1.03091731870987
0.75 0.999999999167973
0.76 0.968095800537423
0.77 0.935236208889143
0.78 0.901453652216051
0.79 0.86678146911638
0.8 0.831253876327648
0.81 0.794905936604033
0.82 0.757773520979409
0.83 0.719893274228914
0.84 0.681302579940454
0.85 0.642039522053866
0.86 0.602142849761745
0.87 0.56165193404807
0.88 0.52060673554954
0.89 0.479047760419712
0.9 0.437016024248053
0.91 0.394553005166744
0.92 0.351700610572064
0.93 0.308501129140976
0.94 0.264997196015069
0.95 0.221231741937361
0.96 0.177247958153062
0.97 0.133089252044751
0.98 0.0887992037497322
0.99 0.0444215218426475
1 0
0 0
0.01 0.0887992052244405
0.02 0.177247958889457
0.03 0.26499719789224
0.04 0.351700611573427
0.05 0.437016027085991
0.06 0.520606735363314
0.07 0.602142849255469
0.08 0.68130258014693
0.09 0.757773523446128
0.1 0.831253875635029
0.11 0.901453652028258
0.12 0.968095802154461
0.13 1.03091732247146
0.14 1.08967027820996
0.15 1.14412280545374
0.16 1.19406000308304
0.17 1.23928479184058
0.18 1.27961868808568
0.19 1.31490251495057
0.2 1.34499702320555
0.21 1.36978344217135
0.22 1.38916395192161
0.23 1.40306206524041
0.24 1.41142293527914
0.25 1.4142135604211
0.26 1.41142293369019
0.27 1.40306206348655
0.28 1.38916395144045
0.29 1.36978344091514
0.3 1.3449970230557
0.31 1.31490251579026
0.32 1.27961869042179
0.33 1.23928479248462
0.34 1.19406000402969
0.35 1.14412280501403
0.36 1.08967027800003
0.37 1.03091731963296
0.38 0.968095801523412
0.39 0.901453651616703
0.4 0.831253876099442
0.41 0.75777352284632
0.42 0.68130258212747
0.43 0.602142850947608
0.44 0.52060673608368
0.45 0.4370160254849
0.46 0.35170061188489
0.47 0.264997197248024
0.48 0.177247958324196
0.49 0.088799203867965
0.5 9.46136741007174E-11
0.51 -0.0887992036629451
0.52 -0.17724795796939
0.53 -0.26499719712612
0.54 -0.351700611886821
0.55 -0.437016025490184
0.56 -0.52060673610929
0.57 -0.602142850667059
0.58 -0.681302581696958
0.59 -0.757773522862977
0.6 -0.831253876992819
0.61 -0.901453652227366
0.62 -0.968095801644532
0.63 -1.03091732019707
0.64 -1.08967027877006
0.65 -1.14412280543491
0.66 -1.19406000298128
0.67 -1.23928479133181
0.68 -1.27961869037374
0.69 -1.31490251582196
0.7 -1.34499702327199
0.71 -1.36978344033524
0.72 -1.38916395170395
0.73 -1.40306206453911
0.74 -1.4114229335763
0.75 -1.41421355931323
0.76 -1.4114229338171
0.77 -1.40306206531732
0.78 -1.38916395239221
0.79 -1.36978344120282
0.8 -1.34499702332203
0.81 -1.3149025162463
0.82 -1.27961868969595
0.83 -1.23928479164135
0.84 -1.19406000278434
0.85 -1.14412280630134
0.86 -1.08967027836692
0.87 -1.03091732086922
0.88 -0.968095801907574
0.89 -0.901453653108956
0.9 -0.831253875684164
0.91 -0.757773522317063
0.92 -0.68130258057679
0.93 -0.602142851004973
0.94 -0.520606734783614
0.95 -0.437016024758385
0.96 -0.351700612005154
0.97 -0.264997198242721
0.98 -0.177247958623963
0.99 -0.0887992031383699
1 0
0 0
0.01 0.133089253022191
0.02 0.264997198835452
0.03 0.394553003729522
0.04 0.520606738292914
0.05 0.642039523646988
0.06 0.757773525574853
0.07 0.866781472757839
0.08 0.968095804939033
0.09 1.06081725265351
0.1 1.14412281020133
0.11 1.21727305343516
0.12 1.27961868913044
0.13 1.33060634450379
0.14 1.36978344418789
0.15 1.39680224859468
0.16 1.4114229342059
0.17 1.41351573195812
0.18 1.40306206695614
0.19 1.38015472132867
0.2 1.34499702136251
0.21 1.29790103571862
0.22 1.23928478728923
0.23 1.16966856341604
0.24 1.08967027275297
0.25 0.999999996413497
0.26 0.901453645549728
0.27 0.794905934851377
0.28 0.681302576539004
0.29 0.561651931505701
0.3 0.437016021511191
0.31 0.308501129067234
0.32 0.177247958036549
0.33 0.0444215212066729
0.34 -0.0887992041940385
0.35 -0.221231740567835
0.36 -0.351700610874846
0.37 -0.479047757998965
0.38 -0.602142844967706
0.39 -0.719893270725403
0.4 -0.83125387325316
0.41 -0.935236206840559
0.42 -1.03091731466117
0.43 -1.11744793049708
0.44 -1.19405999963207
0.45 -1.26007350943448
0.46 -1.31490251208165
0.47 -1.35806035089214
0.48 -1.38916394877155
0.49 -1.4079372331808
0.5 -1.41421356513655
0.51 -1.40793723196784
0.52 -1.38916395321949
0.53 -1.35806035650938
0.54 -1.31490251966953
0.55 -1.26007351472639
0.56 -1.19406000359418
0.57 -1.11744793787476
0.58 -1.03091732326203
0.59 -0.935236213093507
0.6 -0.831253881009446
0.61 -0.719893276535151
0.62 -0.602142851961013
0.63 -0.47904776458717
0.64 -0.35170061406478
0.65 -0.221231743302916
0.66 -0.0887992039603342
0.67 0.0444215236003517
0.68 0.177247959973529
0.69 0.308501132185633
0.7 0.437016027330839
0.71 0.561651935450554
0.72 0.681302584306476
0.73 0.794905937907562
0.74 0.901453653066321
0.75 1.0000000042871
0.76 1.08967028149947
0.77 1.16966857083622
0.78 1.23928479521766
0.79 1.297901040446
0.8 1.34499702696751
0.81 1.38015472108887
0.82 1.40306206826407
0.83 1.41351573175207
0.84 1.41142293274067
0.85 1.39680224595595
0.86 1.36978344188238
0.87 1.33060634227167
0.88 1.27961868466843
0.89 1.2172730447086
0.9 1.14412280161792
0.91 1.06081724596724
0.92 0.96809579761497
0.93 0.866781465137248
0.94 0.757773517686426
0.95 0.642039519250072
0.96 0.520606733738249
0.97 0.394553001723032
0.98 0.264997194646669
0.99 0.133089250988367
1 0
