0 9.86879268536426 9.86960440108936
1 39.4654314345649 39.4784176043574
2 88.760707938399 88.8264396098042
3 157.705973710445 157.91367041743
4 246.233188097244 246.740110027234
5 354.254985426226 355.305758439217
6 481.664761225051 483.610615653379
7 628.336777427376 631.654681669719
8 794.126286461134 799.437956488238
9 978.869674096927 986.960440108936
10 1182.38462091549 1194.22213253181
11 1404.47028223497 1421.22303375687
12 1644.90748632038 1667.9631437841
13 1903.4589506796 1934.44246261351
14 2179.86951623265 2220.66099024511
15 2473.86639912272 2526.61872667888
16 2785.15945992113 2852.31567191482
17 3113.44148995969 3197.75182595295
18 3458.38851450876 3562.92718879326
19 3819.66011250105 3947.84176043574
20 4196.89975248618 4352.49554088041
21 4589.73514448421 4776.88853012725
22 4997.77860739081 5221.02072817627
23 5420.62745157177 5684.89213502747
24 5857.86437626906 6168.50275068085
25 6309.05788142622 6671.8525751364
26 6773.76269352696 7194.94160839414
27 7251.52020502621 7737.76985045406
28 7741.85892694049 8300.33730131615
29 8244.29495415054 8882.64396098042
30 8758.3324429574 9484.68982944687
31 9283.46410042005 10106.4749067155
32 9819.17168499258 10747.9991927863
